00001
00002
00003
00005
00008
00009
00010
00011
00012
00014
00015
00017
00018
00019
00020
00021
00023
00024
00025
00027
00029
00030
00031
00034
00036
00038
00039
00042
00045
00047
00049
00050
00051
00052
00055
00056
00057
00058
00062
00063
00064
00067
00068
00069
00070
00071
00072
00073
00074
00079
00080
00081
00082
00083
00084
00085
00086
00087
00089
00091
00093
00095
00096
00097
00098
00099
00101
00102
00105
00108
00109
00111
00112
00114
00116
00118
00119
00120
00122
00123
00124
00125
00126
00127
00128
00130
00133
00134
00135
00136
00138
00139
00140
00142
00143
00145
00150
00151
00152
00154
00155
00156
00157
00158
00162
00164
00166
00168
00169
00170
00173
00175
00176
00178
00179
00181
00184
00185
00187
00188
00191
00192
00193
00194
00196
00197
00198
00199
00200
00201
00205
00207
00212
00213
00214
00215
00218
00219
00220
00223
00224
00225
00226
00227
00228
00229
00230
00233
00234
00235
00237
00238
00239
00240
00241
00242
00243
00245
00246
00247
00248
00249
00250
00251
00252
00255
00258
00259
00261
00262
00263
00264
00265
00266
00267
00269
00270
00271
00272
00273
00274
00276
00277
00280
00281
00283
00284
00285
00286
00287
00288
00289
00291
00293
00294
00295
00296
00298
00299
00301
00302
00303
00305
00306
00307
00308
00309
00310
00311
00312
00313
00316
00320
00321
00322
00324
00327
00328
00329
00331
00332
00333
00337
00339
00340
00341
00342
00343
00344
00347
00348
00351
00352
00353
00355
00356
00358
00359
00361
00362
00367
00368
00369
00370
00371
00372
00374
00375
00380
00382
00383
00384
00385
00386
00387
00390
00396
00397
00398
00399
00400
00401
00402
00404
00405
00407
00408
00413
00414
00415
00417
00418
00419
00420
00421
00422
00423
00424
00426
00427
00428
00429
00430
00432
00433
00434
00437
00438
00439
00440
00442
00443
00446
00447
00449
00450
00452
00454
00455
00457
00458
00459
00460
00461
00462
00463
00464
00465
00466
00467
00468
00469
00471
00472
00477
00479
00481
00482
00485
00487
00488
00490
00491
00492
00493
00495
00496
00497
00500
00502
00503
00504
00505
00508
00509
00510
00512
00513
00514
00519
00520
00521
00522
00524
00526
00527
00528
00530
00531
00532
00534
00538
00539
00542
00543
00544
00545
00546
00547
00549
00550
00551
00552
00553
00554
00556
00557
00558
00559
00562
00565
00567
00569
00570
00571
00572
00573
00574
00575
00576
00579
00582
00583
00584
00585
00586
00587
00588
00589
00590
00592
00595
00596
00597
00598
00599
00600
00601
00604
00605
00609
00611
00612
00613
00615
00616
00617
00618
00620
00621
00622
00624
00626
00627
00628
00629
00630
00631
00632
00634
00635
00638
00640
00642
00643
00644
00646
00648
00649
00650
00651
00655
00656
00658
00659
00662
00664
00665
00667
00669
00670
00671
00672
00674
00677
00678
00679
00682
00683
00684
00686
00688
00689
00690
00693
00696
00698
00702
00703
00704
00705
00706
00707
00708
00709
00713
00714
00718
00720
00721
00722
00724
00725
00726
00727
00728
00730
00731
00732
00733
00736
00737
00740
00742
00743
00744
00745
00746
00748
00749
00750
00752
00753
00754
00755
00757
00758
00760
00765
00766
00768
00771
00772
00774
00776
00777
00778
00779
00781
00782
00783
00785
00786
00787
00788
00789
00790
00792
00793
00794
00795
00796
00797
00799
00802
00803
00804
00805
00807
00809
00810
00812
00813
00814
00816
00817
00818
00820
00821
00822
00823
00825
00827
00828
00829
00830
00833
00834
00836
00837
00838
00839
00840
00842
00843
00845
00849
00850
00851
00852
00853
00854
00859
00860
00861
00863
00865
00866
00867
00868
00869
00870
00872
00873
00874
00875
00879
00881
00882
00883
00886
00887
00888
00889
00890
00891
00892
00894
00896
00897
00900
00901
00902
00904
00905
00907
00909
00911
00913
00915
00919
00921
00923
00924
00925
00926
00928
00929
00930
00931
00932
00933
00934
00935
00936
00938
00939
00940
00941
00942
00943
00944
00947
00949
00951
00952
00953
00956
00958
00959
00960
00962
00963
00964
00966
00969
00970
00973
00974
00975
00978
00979
00980
00981
00983
00984
00985
00986
00987
00988
00989
00990
00991
00992
00993
00994
00996
00997
00998
00999
01000
01001
01002
01003
01005
01006
01007
01009
01010
01011
01012
01014
01015
01016
01018
01019
01026
01027
01028
01031
01033
01035
01036
01037
01038
01039
01040
01042
01043
01044
01045
01046
01048
01049
01050
01051
01052
01054
01055
01056
01057
01058
01059
01061
01063
01066
01068
01070
01071
01073
01074
01077
01078
01079
01080
01081
01082
01083
01084
01086
01087
01088
01089
01090
01091
01093
01095
01096
01097
01099
01100
01101
01102
01105
01107
01108
01109
01111
01112
01114
01115
01117
01119
01120
01122
01123
01126
01131
01133
01134
01135
01141
01142
01143
01147
01148
01149
01150
01151
01152
01153
01154
01155
01156
01157
01159
01162
01164
01165
01166
01168
01169
01171
01173
01175
01176
01177
01178
01179
01180
01181
01182
01184
01185
01187
01188
01190
01191
01194
01195
01196
01197
01198
01199
01200
01203
01206
01208
01211
01213
01215
01216
01218
01220
01221
01222
01224
01225
01226
01227
01229
01230
01233
01236
01238
01239
01241
01244
01246
01248
01251
01252
01255
01256
01257
01258
01262
01266
01268
01270
01273
01274
01275
01276
01277
01278
01279
01280
01281
01284
01285
01288
01290
01291
01293
01294
01296
01297
01299
01300
01301
01302
01305
01306
01307
01310
01311
01313
01315
01316
01318
01319
01320
01321
01323
01324
01326
01327
01328
01329
01331
01332
01334
01335
01336
01338
01339
01341
01343
01345
01346
01347
01348
01349
01350
01351
01353
01354
01355
01356
01357
01358
01359
01360
01363
01364
01365
01366
01368
01369
01370
01371
01372
01373
01375
01376
01377
01378
01379
01380
01381
01383
01385
01388
01389
01390
01391
01393
01395
01396
01397
01398
01400
01401
01402
01404
01405
01406
01407
01409
01410
01411
01415
01416
01417
01418
01419
01421
01423
01424
01426
01427
01428
01430
01431
01432
01435
01436
01440
01441
01442
01444
01447
01448
01450
01451
01452
01453
01454
01455
01456
01459
01461
01462
01466
01468
01469
01471
01472
01473
01474
01475
01476
01477
01478
01481
01483
01485
01489
01490
01491
01492
01493
01495
01496
01499
01500
01501
01503
01504
01507
01508
01509
01510
01511
01513
01514
01515
01516
01517
01518
01520
01523
01524
01525
01526
01527
01528
01529
01530
01532
01533
01534
01535
01539
01540
01541
01542
01545
01547
01548
01549
01550
01551
01553
01554
01559
01560
01561
01562
01563
01564
01566
01567
01573
01574
01575
01576
01578
01579
01580
01583
01584
01585
01586
01587
01588
01589
01590
01591
01593
01595
01596
01597
01598
01601
01602
01603
01604
01605
01606
01607
01608
01609
01611
01612
01616
01617
01618
01619
01621
01623
01625
01627
01629
01630
01632
01633
01634
01635
01637
01639
01640
01641
01642
01643
01644
01647
01648
01650
01652
01653
01656
01657
01658
01659
01660
01664
01665
01666
01668
01669
01670
01671
01672
01673
01674
01677
01681
01682
01683
01684
01685
01686
01688
01689
01690
01691
01693
01694
01695
01697
01699
01700
01701
01704
01706
01707
01708
01709
01710
01711
01713
01715
01716
01717
01718
01719
01720
01721
01724
01725
01726
01729
01730
01734
01735
01737
01739
01740
01744
01746
01748
01749
01750
01753
01757
01760
01761
01762
01763
01765
01766
01767
01768
01769
01771
01772
01773
01775
01778
01780
01784
01785
01786
01787
01789
01790
01791
01792
01793
01794
01795
01796
01797
01798
01799
01801
01804
01806
01807
01808
01809
01810
01811
01812
01813
01814
01816
01818
01820
01821
01822
01823
01824
01825
01828
01829
01831
01832
01834
01835
01837
01840
01841
01844
01845
01846
01847
01849
01851
01853
01855
01856
01857
01859
01860
01861
01863
01866
01867
01869
01870
01871
01872
01873
01876
01877
01879
01882
01884
01887
01888
01891
01892
01893
01894
01895
01896
01897
01898
01899
01902
01903
01907
01908
01909
01913
01915
01916
01917
01919
01921
01922
01923
01924
01926
01927
01928
01930
01931
01932
01933
01934
01937
01938
01940
01941
01944
01946
01947
01950
01953
01954
01955
01956
01958
01962
01963
01965
01966
01967
01968
01971
01972
01974
01976
01977
01979
01980
01981
01982
01983
01984
01985
01986
01987
01990
01991
01992
01993
01994
01996
01997
01998
02000
02001
02003
02004
02005
02006
02008
02009
02010
02016
02018
02021
02022
02023
02024
02025
02026
02027
02028
02030
02031
02034
02037
02038
02039
02041
02043
02044
02045
02046
02047
02048
02049
02051
02052
02053
02054
02055
02056
02058
02059
02060
02061
02062
02064
02066
02069
02071
02072
02073
02075
02078
02079
02081
02082
02083
02084
02086
02089
02090
02091
02093
02094
02095
02096
02097
02099
02101
02102
02103
02104
02105
02110
02111
02112
02114
02115
02116
02117
02118
02119
02120
02121
02122
02123
02125
02126
02128
02129
02131
02132
02133
02134
02135
02136
02137
02139
02140
02141
02143
02144
02146
02147
02148
02149
02151
02153
02154
02156
02157
02158
02159
02160
02161
02162
02163
02165
02169
02171
02173
02174
02175
02177
02178
02179
02181
02182
02184
02185
02190
02191
02192
02193
02194
02196
02197
02198
02199
02200
02201
02202
02203
02204
02205
02207
02208
02209
02211
02212
02214
02215
02216
02218
02221
02222
02226
02230
02233
02236
02237
02238
02240
02241
02243
02244
02245
02246
02248
02249
02251
02252
02253
02254
02255
02256
02257
02258
02261
02262
02264
02265
02268
02269
02270
02271
02272
02274
02275
02276
02277
02278
02280
02283
02284
02285
02286
02288
02289
02290
02291
02293
02294
02297
02299
02301
02303
02304
02305
02306
02307
02310
02311
02312
02314
02315
02316
02317
02318
02319
02320
02321
02322
02326
02327
02329
02330
02331
02333
02335
02336
02339
02340
02341
02342
02345
02348
02349
02350
02352
02353
02355
02356
02357
02358
02359
02360
02362
02363
02365
02366
02367
02369
02370
02371
02373
02374
02375
02376
02377
02378
02380
02381
02382
02383
02385
02388
02390
02392
02393
02394
02396
02397
02398
02399
02400
02401
02402
02403
02404
02405
02406
02409
02410
02411
02414
02415
02416
02419
02422
02424
02425
02427
02430
02431
02433
02434
02437
02438
02440
02441
02442
02443
02444
02445
02447
02448
02449
02450
02452
02453
02454
02455
02456
02457
02458
02459
02460
02461
02466
02467
02468
02470
02472
02473
02475
02477
02480
02482
02484
02485
02486
02487
02488
02490
02491
02493
02496
02497
02498
02500
02501
02502
02503
02506
02507
02508
02509
02510
02511
02512
02514
02516
02517
02518
02519
02520
02521
02522
02524
02525
02527
02528
02529
02530
02531
02532
02534
02535
02536
02537
02538
02539
02540
02542
02543
02545
02546
02551
02552
02553
02554
02559
02561
02563
02564
02565
02566
02567
02568
02569
02570
02571
02572
02573
02574
02575
02576
02578
02579
02580
02582
02583
02585
02586
02587
02588
02589
02591
02592
02595
02597
02598
02602
02603
02604
02606
02608
02609
02610
02611
02612
02613
02614
02615
02616
02619
02621
02622
02623
02625
02626
02627
02628
02630
02632
02633
02636
02637
02638
02639
02642
02644
02646
02649
02650
02651
02653
02654
02655
02656
02657
02658
02659
02660
02661
02662
02664
02665
02666
02667
02668
02670
02672
02673
02674
02676
02678
02679
02680
02681
02682
02685
02688
02689
02690
02691
02692
02693
02695
02696
02697
02699
02701
02702
02703
02706
02707
02709
02712
02713
02716
02717
02718
02719
02720
02722
02723
02729
02730
02731
02733
02734
02737
02738
02739
02741
02746
02747
02749
02754
02755
02757
02758
02759
02760
02761
02762
02764
02768
02769
02771
02772
02773
02774
02776
02777
02778
02779
02782
02784
02785
02786
02787
02789
02793
02795
02797
02798
02800
02802
02803
02804
02805
02806
02807
02808
02810
02811
02814
02815
02816
02818
02819
02820
02821
02824
02825
02826
02827
02829
02831
02833
02834
02835
02836
02838
02839
02843
02847
02849
02851
02853
02854
02855
02856
02857
02858
02860
02861
02862
02863
02864
02865
02866
02867
02868
02873
02875
02876
02877
02878
02880
02881
02882
02884
02885
02886
02887
02888
02890
02891
02892
02893
02894
02895
02896
02899
02900
02903
02904
02905
02909
02911
02915
02916
02918
02919
02920
02922
02923
02924
02925
02926
02928
02929
02930
02931
02933
02935
02939
02940
02942
02944
02945
02947
02948
02949
02950
02951
02953
02955
02956
02959
02960
02962
02963
02964
02965
02970
02971
02975
02976
02977
02978
02980
02981
02982
02983
02984
02985
02986
02987
02988
02989
02991
02995
02996
02997
02998
02999
03000
03001
03002
03003
03005
03006
03007
03008
03010
03014
03016
03017
03019
03021
03022
03023
03024
03025
03026
03027
03029
03030
03032
03035
03037
03038
03040
03044
03045
03047
03048
03049
03050
03051
03052
03053
03054
03056
03057
03058
03059
03060
03061
03062
03063
03065
03067
03068
03069
03071
03072
03073
03074
03075
03076
03077
03080
03081
03082
03084
03087
03089
03090
03092
03093
03095
03096
03097
03098
03099
03100
03103
03106
03107
03108
03110
03111
03112
03114
03117
03118
03121
03123
03124
03126
03127
03129
03130
03132
03133
03134
03135
03136
03137
03139
03140
03142
03144
03145
03147
03148
03149
03152
03154
03155
03156
03157
03159
03160
03161
03162
03167
03168
03170
03171
03173
03174
03175
03176
03178
03180
03181
03182
03183
03184
03185
03186
03187
03188
03189
03190
03193
03194
03195
03196
03197
03198
03199
03200
03201
03202
03203
03204
03205
03206
03208
03210
03211
03212
03213
03214
03216
03217
03219
03221
03222
03223
03226
03227
03228
03229
03230
03231
03232
03234
03235
03236
03237
03238
03239
03240
03241
03242
03246
03247
03249
03250
03251
03254
03257
03258
03259
03260
03262
03263
03264
03265
03266
03267
03268
03270
03271
03272
03276
03277
03279
03280
03281
03283
03287
03291
03292
03293
03294
03295
03296
03297
03299
03300
03301
03302
03303
03304
03306
03307
03308
03310
03312
03313
03314
03316
03317
03318
03319
03320
03321
03322
03323
03324
03325
03326
03328
03329
03331
03332
03333
03334
03336
03337
03338
03339
03340
03341
03342
03344
03345
03346
03348
03349
03350
03352
03353
03355
03357
03358
03359
03361
03362
03363
03365
03368
03369
03370
03371
03373
03374
03375
03376
03377
03380
03381
03382
03383
03384
03385
03386
03387
03388
03390
03391
03393
03394
03397
03399
03400
03401
03402
03404
03405
03406
03409
03412
03413
03414
03416
03417
03421
03422
03423
03424
03425
03428
03431
03432
03433
03434
03435
03436
03439
03441
03444
03446
03447
03448
03449
03451
03453
03454
03458
03459
03461
03462
03464
03465
03466
03467
03468
03469
03470
03471
03472
03473
03475
03476
03477
03478
03479
03480
03483
03484
03485
03487
03488
03489
03490
03491
03492
03493
03494
03495
03496
03497
03498
03499
03501
03503
03504
03505
03507
03508
03510
03511
03512
03513
03514
03515
03517
03519
03521
03522
03523
03524
03525
03527
03529
03530
03531
03532
03535
03536
03537
03538
03540
03542
03543
03544
03545
03546
03547
03548
03549
03550
03551
03552
03553
03555
03556
03557
03558
03560
03563
03564
03568
03570
03572
03574
03575
03576
03577
03579
03582
03585
03588
03590
03592
03593
03595
03596
03597
03599
03600
03602
03605
03609
03611
03612
03616
03617
03618
03619
03621
03622
03623
03624
03625
03626
03627
03629
03630
03631
03632
03633
03634
03636
03637
03638
03639
03641
03644
03646
03647
03648
03649
03650
03651
03652
03653
03654
03656
03658
03659
03660
03661
03663
03665
03667
03668
03670
03671
03672
03673
03674
03675
03677
03679
03681
03682
03683
03684
03685
03690
03692
03693
03694
03695
03696
03697
03698
03699
03700
03701
03702
03703
03704
03705
03707
03709
03711
03713
03714
03716
03719
03721
03722
03723
03724
03726
03727
03728
03730
03732
03733
03734
03736
03737
03739
03740
03742
03743
03744
03745
03747
03748
03749
03750
03751
03752
03753
03754
03757
03758
03760
03763
03766
03767
03768
03770
03771
03772
03774
03780
03782
03785
03786
03787
03788
03791
03792
03793
03794
03795
03797
03798
03799
03800
03802
03805
03806
03807
03809
03814
03816
03817
03818
03820
03821
03822
03823
03824
03826
03827
03828
03829
03830
03831
03832
03833
03835
03837
03840
03841
03842
03844
03846
03848
03849
03850
03851
03853
03854
03856
03858
03859
03862
03863
03864
03866
03870
03872
03873
03875
03876
03878
03881
03882
03885
03886
03887
03888
03889
03890
03892
03893
03894
03895
03896
03897
03898
03899
03902
03903
03904
03905
03908
03911
03914
03916
03917
03918
03919
03922
03923
03924
03926
03927
03929
03930
03933
03936
03937
03938
03939
03942
03945
03948
03950
03952
03953
03954
03955
03956
03957
03960
03961
03962
03963
03965
03966
03967
03968
03971
03973
03974
03975
03976
03977
03980
03982
03983
03984
03985
03987
03989
03991
03993
03994
03996
03997
03998
03999
04000
04002
04003
04005
04006
04007
04008
04009
04010
04011
04012
04013
04014
04016
04021
04022
04023
04025
04026
04027
04029
04030
04031
04033
04034
04035
04036
04037
04039
04040
04042
04043
04044
04045
04048
04049
04051
04053
04054
04057
04058
04059
04061
04063
04064
04065
04066
04067
04068
04069
04070
04072
04074
04076
04077
04078
04084
04085
04086
04087
04088
04089
04091
04095
04096
04097
04099
04100
04101
04102
04103
04105
04107
04110
04111
04112
04113
04115
04116
04117
04119
04120
04122
04123
04124
04125
04126
04127
04130
04131
04132
04138
04140
04141
04142
04143
04145
04147
04148
04150
04151
04152
04154
04155
04156
04157
04158
04159
04162
04163
04164
04166
04168
04169
04173
04174
04176
04177
04178
04179
04181
04182
04183
04185
04186
04187
04190
04192
04193
04194
04196
04200
04201
04204
04205
04206
04207
04208
04209
04210
04212
04213
04214
04218
04219
04221
04222
04223
04226
04228
04231
04232
04233
04234
04236
04239
04240
04241
04244
04245
04247
04248
04249
04251
04252
04255
04256
04257
04258
04259
04260
04263
04264
04265
04266
04267
04268
04270
04273
04274
04275
04276
04277
04279
04280
04281
04282
04286
04288
04289
04292
04293
04294
04297
04299
04301
04307
04308
04311
04312
04313
04314
04317
04318
04320
04321
04322
04323
04324
04326
04327
04328
04330
04331
04334
04335
04336
04339
04340
04341
04342
04343
04345
04347
04348
04351
04352
04353
04355
04358
04361
04362
04363
04364
04365
04366
04367
04369
04370
04371
04373
04375
04376
04377
04378
04379
04380
04381
04382
04384
04386
04387
04391
04392
04394
04395
04398
04399
04400
04403
04404
04405
04406
04408
04409
04410
04411
04412
04413
04414
04416
04417
04421
04422
04424
04425
04428
04429
04430
04432
04436
04437
04438
04441
04442
04443
04445
04446
04447
04449
04450
04451
04452
04456
04457
04459
04460
04463
04465
04466
04467
04468
04469
04470
04471
04472
04473
04475
04476
04478
04480
04481
04482
04484
04487
04489
04492
04493
04495
04496
04497
04498
04499
04500
04501
04502
04504
04505
04508
04510
04511
04513
04514
04516
04517
04518
04519
04521
04523
04526
04527
04528
04529
04531
04533
04534
04536
04537
04540
04542
04543
04544
04545
04548
04549
04550
04551
04552
04553
04554
04555
04556
04557
04560
04562
04563
04564
04565
04566
04567
04570
04572
04573
04574
04575
04576
04577
04578
04579
04583
04586
04589
04590
04591
04592
04594
04598
04599
04601
04603
04612
04613
04615
04616
04617
04621
04622
04625
04627
04628
04629
04630
04631
04633
04634
04635
04636
04637
04638
04639
04640
04641
04645
04646
04647
04648
04649
04650
04656
04657
04658
04659
04660
04662
04663
04664
04665
04668
04669
04670
04671
04673
04675
04676
04677
04680
04681
04683
04686
04688
04689
04690
04692
04693
04695
04696
04700
04701
04702
04704
04705
04708
04709
04710
04711
04712
04713
04714
04715
04716
04717
04719
04722
04724
04725
04726
04727
04729
04731
04732
04733
04735
04737
04741
04742
04743
04744
04745
04747
04749
04751
04752
04753
04755
04756
04757
04758
04759
04760
04761
04763
04764
04765
04766
04771
04772
04774
04775
04777
04779
04781
04782
04784
04786
04789
04792
04793
04794
04795
04796
04798
04799
04800
04803
04804
04805
04807
04808
04809
04812
04813
04814
04815
04816
04817
04818
04820
04821
04823
04826
04827
04828
04829
04831
04833
04834
04835
04836
04837
04840
04842
04845
04846
04847
04848
04850
04852
04854
04855
04856
04857
04859
04861
04865
04866
04867
04868
04869
04870
04872
04876
04877
04878
04879
04880
04881
04883
04884
04887
04889
04893
04895
04896
04897
04898
04902
04903
04905
04907
04908
04910
04911
04912
04913
04914
04915
04916
04918
04920
04922
04925
04929
04930
04932
04933
04934
04936
04939
04940
04942
04943
04944
04945
04946
04953
04954
04956
04957
04958
04963
04964
04966
04967
04968
04969
04970
04971
04972
04973
04974
04975
04976
04978
04979
04980
04981
04983
04984
04985
04987
04988
04989
04990
04991
04993
04994
04995
04996
04999
05000
05003
05004
05005
05006
05007
05009
05010
05011
05013
05014
05016
05017
05018
05021
05022
05023
05025
05026
05028
05029
05031
05032
05033
05034
05035
05036
05037
05038
05040
05042
05043
05044
05046
05047
05048
05051
05053
05054
05057
05058
05059
05060
05061
05063
05064
05066
05067
05068
05069
05070
05071
05073
05076
05080
05084
05085
05086
05087
05090
05092
05093
05095
05096
05097
05099
05100
05101
05102
05103
05105
05106
05107
05109
05112
05116
05118
05120
05121
05122
05123
05126
05127
05128
05131
05132
05135
05136
05137
05138
05140
05141
05142
05143
05144
05145
05146
05147
05149
05151
05152
05154
05155
05156
05160
05161
05163
05165
05168
05171
05172
05173
05174
05175
05176
05177
05183
05184
05185
05187
05188
05189
05191
05193
05196
05197
05198
05200
05201
05202
05205
05206
05207
05209
05210
05212
05213
05215
05216
05217
05218
05219
05220
05221
05222
05223
05225
05226
05227
05229
05230
05231
05232
05233
05235
05236
05237
05239
05240
05241
05243
05246
05248
05250
05251
05254
05255
05256
05258
05260
05261
05262
05264
05266
05267
05268
05270
05271
05273
05274
05275
05276
05277
05280
05282
05283
05286
05287
05288
05289
05290
05293
05295
05296
05297
05298
05299
05301
05303
05304
05307
05310
05311
05312
05314
05316
05318
05319
05320
05325
05327
05329
05330
05331
05332
05333
05334
05335
05337
05338
05339
05340
05341
05342
05343
05346
05349
05350
05352
05354
05355
05356
05357
05359
05360
05361
05362
05363
05364
05366
05367
05370
05371
05372
05373
05375
05376
05379
05380
05381
05382
05383
05384
05386
05387
05389
05390
05391
05392
05393
05394
05395
05396
05397
05398
05401
05402
05403
05404
05408
05409
05410
05413
05415
05416
05418
05419
05421
05422
05423
05424
05425
05426
05427
05428
05429
05432
05433
05434
05435
05437
05439
05441
05442
05443
05444
05445
05446
05447
05448
05449
05450
05451
05452
05453
05454
05456
05458
05463
05465
05467
05468
05469
05472
05473
05476
05477
05479
05480
05482
05483
05485
05486
05489
05490
05491
05492
05494
05495
05498
05499
05500
05501
05504
05506
05508
05510
05511
05514
05517
05518
05519
05521
05522
05523
05525
05527
05528
05529
05530
05532
05535
05536
05540
05542
05543
05544
05547
05548
05549
05550
05552
05554
05555
05556
05558
05559
05560
05561
05564
05566
05567
05568
05569
05570
05571
05572
05574
05576
05577
05579
05580
05582
05583
05584
05585
05589
05591
05593
05595
05596
05597
05598
05599
05600
05602
05604
05606
05607
05608
05611
05613
05615
05617
05618
05620
05621
05622
05623
05625
05626
05629
05631
05632
05635
05636
05638
05639
05641
05642
05643
05644
05646
05647
05653
05656
05658
05660
05661
05663
05664
05665
05666
05667
05668
05670
05672
05673
05674
05675
05677
05679
05681
05683
05684
05685
05686
05687
05688
05689
05691
05692
05694
05695
05697
05698
05700
05701
05703
05705
05708
05710
05711
05712
05713
05716
05717
05719
05721
05723
05724
05726
05728
05729
05732
05733
05735
05737
05738
05739
05740
05742
05743
05744
05745
05746
05747
05748
05749
05750
05751
05754
05756
05759
05760
05762
05763
05765
05766
05767
05768
05769
05770
05771
05773
05774
05776
05777
05779
05781
05782
05783
05784
05788
05790
05791
05792
05793
05794
05795
05796
05797
05798
05799
05801
05802
05803
05804
05805
05806
05808
05809
05810
05811
05813
05816
05818
05819
05822
05824
05825
05826
05828
05830
05831
05832
05833
05834
05835
05836
05837
05839
05840
05841
05842
05843
05844
05845
05846
05848
05850
05851
05852
05853
05854
05855
05856
05857
05858
05860
05861
05863
05866
05867
05868
05869
05871
05872
05873
05874
05875
05876
05877
05878
05881
05882
05883
05885
05886
05887
05888
05889
05893
05894
05895
05896
05898
05900
05901
05904
05906
05907
05908
05910
05911
05912
05914
05916
05917
05921
05922
05923
05924
05925
05926
05927
05928
05929
05931
05932
05933
05934
05935
05936
05938
05939
05940
05941
05943
05946
05947
05949
05951
05953
05955
05956
05959
05961
05965
05966
05967
05970
05971
05973
05975
05976
05977
05978
05979
05980
05981
05982
05983
05984
05985
05986
05987
05988
05989
05991
05992
05995
05996
05997
05998
05999
06000
06001
06002
06003
06004
06005
06006
06008
06009
06010
06016
06019
06021
06022
06024
06025
06026
06027
06029
06030
06031
06032
06036
06037
06039
06041
06045
06046
06047
06049
06050
06053
06054
06056
06057
06058
06061
06068
06069
06070
06071
06072
06073
06074
06076
06078
06080
06081
06083
06085
06090
06091
06094
06096
06097
06098
06099
06102
06106
06108
06110
06111
06112
06113
06114
06115
06116
06119
06124
06125
06126
06127
06129
06130
06131
06135
06136
06138
06139
06141
06142
06143
06146
06148
06149
06151
06153
06154
06156
06157
06158
06159
06161
06163
06166
06167
06168
06169
06170
06171
06172
06173
06174
06175
06177
06178
06179
06180
06181
06182
06184
06185
06189
06190
06192
06193
06195
06196
06199
06200
06201
06203
06205
06209
06210
06211
06212
06213
06214
06216
06219
06220
06221
06222
06223
06225
06227
06228
06229
06230
06231
06235
06236
06239
06240
06243
06244
06245
06247
06248
06250
06252
06254
06255
06256
06257
06258
06259
06260
06261
06262
06263
06264
06265
06266
06267
06268
06269
06270
06272
06274
06275
06276
06277
06278
06280
06281
06282
06283
06285
06286
06287
06288
06290
06291
06293
06294
06295
06297
06299
06300
06301
06302
06303
06305
06308
06309
06310
06311
06313
06318
06319
06321
06323
06325
06327
06328
06331
06332
06334
06335
06336
06337
06341
06342
06343
06345
06346
06347
06349
06350
06352
06353
06357
06358
06360
06362
06363
06364
06366
06368
06369
06372
06375
06376
06377
06378
06380
06383
06384
06386
06387
06388
06390
06391
06392
06393
06395
06396
06397
06399
06400
06404
06405
06406
06407
06408
06410
06411
06413
06414
06416
06417
06418
06419
06420
06421
06422
06423
06424
06427
06428
06430
06432
06434
06436
06438
06439
06440
06441
06442
06443
06444
06445
06446
06448
06450
06451
06452
06454
06455
06456
06457
06460
06461
06463
06466
06469
06470
06471
06472
06474
06476
06479
06480
06481
06482
06483
06484
06486
06487
06488
06493
06494
06497
06500
06501
06503
06504
06505
06508
06509
06511
06514
06515
06517
06519
06521
06524
06526
06527
06528
06530
06533
06536
06537
06538
06539
06540
06541
06543
06544
06545
06546
06547
06548
06549
06551
06552
06553
06554
06555
06557
06559
06560
06561
06563
06564
06565
06567
06569
06570
06571
06572
06573
06574
06575
06577
06578
06579
06582
06586
06587
06589
06590
06591
06594
06595
06596
06598
06600
06602
06604
06605
06606
06607
06611
06612
06613
06617
06619
06621
06622
06623
06625
06627
06630
06634
06635
06636
06637
06638
06639
06641
06642
06643
06645
06646
06647
06648
06649
06650
06653
06655
06656
06662
06663
06664
06668
06670
06672
06673
06674
06676
06680
06682
06683
06684
06685
06686
06687
06688
06689
06690
06691
06693
06694
06696
06697
06699
06701
06702
06703
06704
06706
06707
06708
06709
06710
06711
06712
06713
06715
06718
06719
06721
06723
06726
06728
06729
06731
06732
06734
06735
06736
06737
06739
06740
06741
06742
06744
06745
06748
06749
06750
06751
06753
06754
06755
06756
06758
06759
06761
06762
06764
06767
06768
06771
06774
06775
06777
06778
06779
06780
06781
06782
06783
06784
06785
06787
06788
06790
06791
06793
06794
06795
06798
06800
06802
06803
06804
06805
06806
06808
06810
06811
06812
06813
06815
06819
06820
06821
06822
06823
06824
06825
06827
06828
06829
06830
06831
06832
06834
06835
06837
06838
06839
06840
06841
06842
06843
06847
06850
06851
06852
06853
06855
06858
06862
06864
06865
06866
06868
06869
06870
06872
06873
06874
06875
06878
06879
06880
06881
06884
06885
06887
06889
06892
06893
06895
06896
06897
06898
06899
06902
06905
06906
06908
06910
06911
06913
06915
06916
06917
06918
06920
06921
06923
06924
06926
06927
06928
06929
06930
06934
06935
06936
06938
06939
06940
06942
06943
06944
06945
06949
06950
06951
06952
06954
06955
06956
06958
06960
06962
06964
06965
06968
06969
06970
06974
06975
06979
06980
06982
06983
06985
06986
06988
06989
06992
06993
06994
06995
06996
06997
06999
07001
07003
07005
07006
07008
07010
07011
07012
07014
07015
07017
07018
07020
07021
07022
07028
07029
07032
07033
07036
07037
07038
07040
07041
07043
07045
07050
07053
07054
07055
07058
07060
07064
07066
07069
07070
07072
07076
07078
07081
07082
07083
07084
07088
07089
07090
07091
07095
07096
07097
07098
07100
07101
07102
07103
07104
07106
07107
07108
07109
07110
07111
07114
07115
07118
07119
07121
07122
07123
07126
07127
07128
07129
07131
07134
07136
07137
07138
07141
07142
07143
07144
07145
07146
07147
07148
07149
07152
07156
07158
07159
07161
07162
07163
07165
07166
07168
07170
07171
07172
07173
07174
07177
07180
07181
07182
07184
07185
07186
07187
07188
07189
07192
07194
07196
07197
07198
07199
07200
07202
07203
07206
07208
07209
07210
07212
07214
07218
07219
07220
07221
07223
07224
07225
07226
07227
07228
07230
07231
07232
07233
07234
07235
07236
07240
07242
07244
07245
07246
07248
07249
07251
07252
07253
07254
07257
07259
07260
07262
07263
07265
07266
07267
07269
07270
07271
07273
07279
07280
07284
07285
07286
07288
07293
07295
07297
07298
07302
07303
07305
07306
07307
07308
07309
07311
07312
07314
07315
07316
07318
07319
07320
07321
07322
07325
07326
07327
07329
07331
07332
07334
07337
07338
07339
07341
07343
07344
07345
07346
07351
07352
07353
07355
07359
07367
07368
07369
07371
07372
07373
07374
07379
07380
07382
07385
07387
07391
07392
07393
07394
07395
07396
07397
07399
07400
07402
07403
07406
07407
07408
07415
07416
07418
07420
07421
07422
07423
07424
07425
07426
07428
07429
07430
07431
07434
07435
07436
07437
07438
07439
07440
07442
07443
07444
07445
07447
07449
07450
07451
07453
07455
07460
07461
07462
07464
07466
07471
07473
07474
07475
07476
07477
07478
07479
07482
07484
07485
07487
07488
07489
07490
07492
07494
07497
07498
07499
07503
07504
07505
07507
07509
07510
07514
07516
07518
07519
07520
07521
07522
07528
07529
07530
07533
07534
07535
07537
07538
07539
07540
07541
07542
07546
07548
07550
07552
07556
07557
07560
07561
07563
07564
07566
07568
07571
07573
07574
07577
07578
07579
07580
07581
07584
07585
07588
07589
07590
07592
07594
07596
07597
07598
07599
07600
07605
07607
07608
07610
07611
07612
07613
07615
07617
07619
07622
07623
07624
07627
07629
07631
07632
07638
07639
07640
07644
07645
07646
07649
07652
07653
07654
07656
07657
07658
07659
07660
07661
07662
07663
07665
07668
07671
07673
07676
07677
07679
07680
07681
07682
07683
07684
07685
07686
07688
07689
07692
07693
07694
07695
07698
07699
07700
07704
07706
07707
07709
07710
07711
07714
07717
07718
07721
07723
07724
07725
07726
07728
07731
07732
07733
07734
07735
07736
07738
07742
07743
07744
07745
07746
07747
07750
07752
07753
07754
07755
07758
07760
07761
07762
07763
07764
07765
07766
07767
07769
07771
07773
07774
07775
07777
07779
07780
07781
07784
07786
07787
07790
07791
07792
07795
07797
07798
07799
07801
07802
07804
07805
07806
07808
07809
07810
07812
07813
07814
07815
07816
07817
07820
07821
07823
07826
07829
07830
07831
07834
07838
07839
07842
07843
07844
07846
07847
07848
07849
07850
07851
07853
07857
07860
07863
07864
07865
07866
07868
07869
07871
07872
07873
07874
07877
07881
07882
07884
07885
07886
07887
07891
07892
07894
07895
07896
07898
07899
07900
07901
07902
07903
07904
07905
07906
07907
07910
07912
07917
07919
07921
07923
07925
07927
07928
07929
07931
07932
07933
07935
07936
07937
07939
07940
07941
07942
07944
07945
07946
07948
07949
07951
07952
07953
07954
07955
07956
07958
07959
07960
07961
07962
07964
07965
07967
07969
07971
07972
07973
07974
07975
07976
07980
07984
07985
07986
07987
07988
07990
07994
07995
07997
07998
07999
08000
08002
08003
08004
08005
08007
08008
08009
08013
08015
08016
08019
08022
08023
08025
08026
08027
08029
08031
08033
08034
08037
08038
08040
08044
08045
08046
08047
08048
08049
08051
08052
08053
08055
08056
08057
08059
08060
08062
08065
08066
08067
08068
08069
08070
08071
08072
08073
08074
08076
08077
08078
08080
08081
08084
08089
08091
08092
08096
08097
08098
08099
08100
08101
08103
08104
08106
08108
08109
08110
08111
08112
08113
08114
08116
08117
08118
08119
08120
08125
08126
08128
08129
08130
08131
08132
08133
08134
08135
08136
08137
08138
08139
08140
08142
08143
08144
08146
08148
08149
08150
08154
08156
08158
08159
08162
08163
08164
08165
08166
08167
08174
08176
08177
08178
08180
08183
08184
08185
08186
08187
08189
08190
08192
08194
08196
08197
08198
08200
08201
08202
08203
08204
08205
08211
08212
08213
08214
08215
08216
08217
08220
08223
08224
08225
08226
08227
08229
08230
08233
08235
08236
08237
08240
08242
08246
08247
08248
08249
08252
08255
08257
08258
08259
08260
08262
08264
08265
08268
08269
08270
08271
08272
08274
08275
08277
08278
08280
08282
08283
08285
08286
08287
08288
08289
08290
08291
08294
08297
08299
08302
08304
08307
08308
08309
08310
08311
08313
08315
08316
08318
08319
08320
08322
08323
08324
08327
08329
08332
08333
08335
08342
08343
08344
08347
08349
08350
08351
08353
08355
08356
08357
08358
08359
08362
08363
08365
08366
08367
08368
08369
08370
08371
08372
08374
08375
08376
08377
08378
08382
08384
08386
08387
08388
08390
08391
08392
08393
08394
08397
08400
08402
08403
08407
08408
08409
08411
08413
08415
08417
08418
08420
08421
08423
08427
08429
08430
08431
08432
08433
08434
08435
08437
08438
08442
08443
08448
08449
08450
08452
08454
08455
08457
08459
08460
08461
08462
08464
08465
08467
08469
08471
08472
08473
08477
08478
08479
08480
08481
08484
08485
08486
08488
08490
08491
08492
08493
08494
08495
08497
08498
08499
08501
08502
08503
08504
08506
08507
08508
08512
08513
08514
08515
08516
08519
08521
08523
08524
08525
08526
08528
08529
08530
08532
08534
08541
08542
08544
08545
08547
08548
08549
08551
08552
08555
08557
08558
08560
08561
08562
08566
08567
08568
08569
08570
08573
08574
08575
08578
08579
08580
08582
08584
08587
08589
08590
08591
08592
08593
08594
08595
08596
08597
08599
08600
08601
08603
08604
08607
08608
08609
08610
08611
08613
08614
08615
08616
08617
08618
08619
08620
08621
08622
08623
08625
08626
08628
08629
08630
08631
08632
08634
08635
08637
08638
08642
08645
08646
08647
08648
08649
08650
08652
08653
08655
08656
08657
08659
08664
08665
08666
08667
08670
08671
08672
08673
08674
08676
08677
08678
08679
08680
08681
08683
08684
08685
08686
08688
08690
08691
08694
08695
08696
08697
08698
08699
08702
08703
08704
08706
08708
08709
08710
08712
08715
08716
08717
08721
08722
08723
08724
08726
08728
08729
08730
08731
08732
08733
08734
08736
08737
08738
08740
08741
08742
08743
08744
08746
08747
08748
08750
08752
08753
08755
08756
08757
08758
08759
08761
08764
08766
08767
08768
08769
08770
08771
08772
08773
08774
08775
08778
08780
08781
08782
08783
08785
08786
08787
08789
08790
08791
08792
08797
08799
08801
08802
08804
08805
08806
08808
08812
08813
08815
08816
08817
08818
08819
08820
08821
08822
08823
08825
08827
08830
08831
08833
08834
08835
08836
08837
08838
08841
08842
08843
08846
08847
08848
08849
08850
08851
08852
08853
08854
08855
08856
08857
08858
08859
08860
08861
08862
08863
08865
08867
08870
08875
08876
08877
08879
08880
08881
08882
08885
08886
08887
08888
08889
08890
08891
08892
08893
08894
08895
08897
08902
08905
08906
08907
08911
08912
08913
08914
08915
08916
08917
08920
08921
08922
08923
08925
08926
08927
08930
08931
08934
08936
08937
08938
08939
08941
08942
08943
08947
08948
08949
08950
08951
08952
08954
08956
08957
08958
08959
08962
08964
08967
08968
08969
08973
08974
08975
08977
08978
08979
08980
08983
08984
08988
08989
08990
08992
08993
08994
08995
08996
08997
08998
08999
09000
09002
09003
09004
09005
09007
09012
09013
09015
09016
09017
09018
09021
09022
09023
09024
09025
09027
09028
09030
09033
09034
09035
09037
09040
09041
09043
09044
09045
09046
09047
09048
09049
09050
09051
09053
09056
09057
09058
09059
09060
09061
09062
09064
09066
09072
09073
09075
09077
09078
09079
09081
09082
09083
09084
09085
09086
09087
09088
09089
09092
09093
09096
09098
09099
09102
09104
09106
09107
09110
09111
09113
09114
09115
09116
09120
09122
09123
09124
09125
09126
09127
09129
09130
09131
09132
09133
09135
09136
09137
09138
09139
09145
09146
09148
09149
09150
09152
09153
09154
09158
09160
09163
09164
09165
09166
09168
09169
09173
09174
09175
09177
09178
09179
09181
09183
09184
09187
09188
09189
09190
09192
09194
09195
09196
09197
09198
09200
09203
09204
09205
09206
09207
09208
09209
09210
09211
09212
09213
09214
09215
09216
09219
09220
09222
09223
09224
09226
09227
09229
09231
09232
09234
09235
09236
09237
09238
09241
09243
09245
09246
09247
09248
09249
09250
09251
09252
09253
09256
09257
09260
09261
09263
09264
09265
09267
09268
09269
09271
09272
09273
09274
09276
09277
09278
09279
09280
09282
09283
09285
09286
09287
09288
09289
09291
09293
09297
09298
09300
09304
09305
09306
09308
09311
09313
09314
09315
09318
09320
09321
09322
09324
09325
09326
09327
09330
09332
09334
09335
09336
09337
09338
09339
09341
09342
09343
09344
09345
09346
09347
09348
09349
09350
09352
09353
09358
09359
09360
09363
09365
09366
09369
09370
09371
09374
09375
09377
09379
09380
09381
09383
09385
09386
09388
09389
09391
09394
09395
09397
09398
09399
09400
09402
09403
09404
09406
09407
09409
09411
09412
09414
09417
09418
09419
09422
09423
09424
09426
09427
09428
09429
09430
09431
09432
09434
09436
09437
09439
09440
09441
09443
09446
09447
09450
09451
09452
09454
09456
09457
09458
09462
09464
09465
09466
09467
09468
09469
09470
09471
09473
09474
09475
09476
09477
09478
09481
09482
09483
09484
09486
09487
09488
09490
09491
09492
09493
09494
09495
09496
09498
09500
09502
09503
09504
09505
09507
09508
09511
09514
09516
09517
09519
09520
09522
09523
09525
09529
09530
09531
09532
09536
09537
09541
09542
09544
09545
09547
09548
09549
09551
09553
09555
09556
09557
09559
09560
09561
09562
09563
09564
09565
09568
09569
09570
09572
09573
09575
09576
09578
09579
09581
09582
09583
09584
09585
09587
09588
09589
09590
09592
09593
09594
09596
09597
09598
09599
09600
09601
09602
09603
09604
09605
09607
09608
09609
09611
09612
09613
09614
09616
09620
09621
09623
09624
09625
09626
09629
09633
09634
09635
09637
09642
09644
09647
09650
09653
09654
09655
09656
09657
09658
09660
09663
09664
09666
09668
09669
09671
09672
09674
09675
09678
09679
09680
09684
09686
09689
09690
09691
09692
09693
09694
09696
09697
09700
09703
09705
09707
09709
09714
09717
09718
09719
09720
09722
09723
09725
09726
09728
09732
09733
09734
09735
09736
09737
09738
09739
09740
09741
09742
09743
09745
09747
09750
09751
09752
09753
09755
09756
09758
09759
09761
09765
09766
09769
09775
09776
09777
09778
09779
09780
09782
09783
09785
09786
09787
09789
09790
09791
09792
09793
09794
09795
09796
09797
09798
09799
09801
09806
09807
09808
09809
09810
09813
09814
09815
09816
09817
09818
09819
09820
09821
09822
09823
09824
09825
09827
09829
09830
09831
09832
09833
09834
09835
09838
09839
09840
09841
09842
09843
09845
09846
09847
09849
09850
09851
09852
09853
09855
09860
09861
09862
09865
09866
09867
09868
09870
09871
09872
09873
09874
09875
09876
09878
09880
09881
09882
09883
09884
09885
09889
09891
09893
09894
09895
09896
09899
09900
09904
09905
09906
09907
09908
09909
09910
09911
09912
09913
09914
09918
09920
09921
09922
09924
09925
09931
09932
09933
09936
09937
09939
09941
09944
09945
09946
09947
09948
09949
09950
09951
09952
09953
09955
09956
09957
09958
09959
09960
09961
09962
09963
09964
09966
09967
09969
09970
09971
09973
09974
09975
09976
09981
09982
09984
09986
09988
09990
09993
09994
09996
09998
09999
10001
10002
10003
10004
10005
10007
10008
10009
10012
10013
10014
10015
10016
10017
10018
10019
10022
10024
10025
10026
10029
10030
10031
10033
10034
10035
10036
10038
10039
10040
10041
10047
10049
10052
10053
10056
10062
10063
10064
10065
10067
10068
10069
10072
10074
10075
10078
10081
10082
10084
10085
10087
10088
10089
10090
10092
10093
10095
10099
10100
10101
10102
10103
10105
10107
10109
10111
10112
10115
10119
10121
10122
10123
10124
10126
10128
10129
10131
10132
10135
10137
10138
10140
10143
10144
10146
10147
10149
10150
10152
10153
10154
10156
10158
10159
10160
10161
10163
10164
10165
10166
10168
10169
10171
10172
10174
10175
10176
10177
10178
10183
10184
10185
10188
10189
10190
10193
10195
10197
10198
10202
10203
10204
10205
10211
10212
10213
10215
10216
10217
10219
10220
10221
10223
10224
10225
10228
10229
10230
10231
10232
10233
10234
10235
10237
10238
10239
10240
10242
10244
10245
10249
10250
10251
10252
10253
10254
10255
10256
10258
10262
10264
10265
10266
10267
10269
10270
10271
10272
10273
10274
10275
10277
10280
10282
10285
10286
10287
10288
10291
10292
10293
10295
10296
10297
10298
10300
10301
10302
10303
10304
10305
10307
10308
10309
10310
10312
10313
10314
10315
10316
10317
10318
10319
10320
10323
10324
10325
10326
10327
10328
10331
10333
10336
10337
10338
10339
10343
10344
10345
10347
10348
10349
10352
10353
10354
10358
10359
10360
10361
10362
10365
10366
10367
10368
10369
10370
10371
10374
10375
10376
10379
10380
10381
10382
10386
10389
10390
10392
10393
10395
10396
10398
10399
10400
10401
10403
10404
10405
10409
10411
10412
10413
10414
10415
10416
10417
10418
10420
10421
10422
10423
10424
10425
10426
10427
10428
10429
10430
10435
10438
10441
10442
10444
10445
10446
10447
10451
10452
10453
10454
10456
10461
10463
10464
10465
10466
10471
10472
10474
10478
10479
10481
10483
10485
10486
10487
10488
10489
10490
10491
10492
10495
10496
10497
10498
10500
10501
10503
10504
10505
10506
10508
10509
10510
10512
10513
10514
10515
10517
10519
10520
10521
10522
10523
10524
10525
10527
10531
10532
10535
10536
10537
10538
10539
10540
10541
10543
10544
10545
10546
10547
10548
10549
10550
10551
10553
10556
10558
10559
10560
10561
10562
10563
10565
10567
10569
10570
10571
10573
10574
10577
10580
10581
10582
10583
10584
10585
10586
10587
10592
10594
10597
10598
10600
10604
10606
10607
10608
10609
10611
10613
10614
10615
10617
10618
10619
10620
10621
10622
10626
10628
10629
10630
10632
10633
10634
10635
10641
10642
10645
10646
10649
10650
10651
10652
10653
10654
10655
10656
10658
10659
10661
10662
10663
10664
10667
10668
10670
10671
10672
10673
10674
10675
10680
10682
10685
10686
10687
10689
10690
10691
10692
10694
10696
10697
10698
10699
10700
10703
10705
10706
10708
10709
10711
10713
10714
10715
10716
10717
10718
10719
10720
10722
10723
10725
10728
10730
10731
10732
10733
10734
10735
10736
10738
10739
10740
10741
10742
10744
10747
10748
10749
10751
10754
10755
10757
10758
10761
10762
10763
10769
10770
10772
10773
10776
10777
10778
10779
10780
10781
10782
10783
10784
10785
10786
10787
10789
10790
10791
10792
10793
10795
10796
10799
10800
10801
10804
10805
10806
10808
10809
10810
10811
10812
10814
10816
10817
10818
10819
10820
10822
10826
10827
10829
10830
10831
10832
10834
10835
10836
10837
10840
10843
10844
10846
10847
10848
10850
10853
10854
10856
10861
10862
10864
10865
10867
10868
10869
10870
10872
10873
10874
10875
10877
10878
10879
10882
10883
10885
10886
10887
10889
10891
10893
10898
10899
10900
10902
10904
10905
10906
10908
10909
10910
10912
10914
10915
10918
10922
10923
10926
10927
10928
10929
10930
10934
10937
10939
10941
10942
10943
10947
10952
10953
10954
10956
10957
10959
10960
10961
10963
10965
10966
10967
10968
10969
10971
10976
10978
10979
10980
10981
10983
10984
10986
10987
10988
10989
10990
10991
10992
10993
10995
10997
10998
11001
11002
11004
11005
11006
11007
11008
11009
11010
11011
11014
11015
11016
11017
11019
11020
11021
11022
11023
11024
11025
11026
11027
11028
11031
11032
11033
11035
11036
11037
11038
11040
11041
11042
11043
11047
11049
11051
11052
11053
11054
11055
11059
11060
11062
11064
11065
11067
11068
11069
11070
11071
11073
11074
11076
11078
11079
11080
11082
11084
11085
11086
11087
11088
11089
11090
11092
11095
11097
11099
11103
11104
11105
11106
11107
11108
11114
11115
11116
11118
11119
11120
11122
11125
11126
11128
11132
11135
11136
11138
11139
11141
11142
11143
11144
11145
11146
11147
11149
11150
11151
11152
11153
11156
11160
11161
11162
11163
11164
11167
11168
11169
11170
11171
11172
11175
11176
11177
11179
11183
11184
11186
11187
11190
11192
11194
11196
11197
11198
11199
11201
11202
11203
11204
11205
11206
11207
11208
11210
11211
11212
11215
11216
11217
11219
11223
11224
11226
11228
11230
11231
11234
11237
11238
11241
11242
11243
11244
11245
11246
11247
11249
11251
11252
11253
11254
11255
11258
11259
11260
11261
11262
11263
11265
11267
11268
11269
11270
11272
11274
11275
11279
11285
11287
11289
11292
11293
11294
11296
11300
11301
11302
11303
11304
11306
11307
11308
11310
11311
11312
11314
11316
11319
11323
11324
11325
11327
11328
11330
11332
11337
11338
11341
11343
11344
11347
11349
11350
11351
11352
11356
11359
11360
11362
11363
11364
11365
11366
11371
11372
11376
11377
11378
11379
11380
11381
11383
11384
11385
11386
11387
11388
11389
11390
11391
11392
11393
11395
11396
11398
11400
11401
11402
11403
11404
11407
11410
11413
11414
11415
11417
11421
11422
11428
11429
11431
11432
11433
11434
11438
11439
11440
11442
11443
11444
11445
11446
11447
11449
11452
11453
11455
11456
11457
11459
11460
11463
11465
11468
11472
11474
11475
11476
11479
11481
11482
11483
11488
11489
11490
11491
11492
11494
11495
11497
11498
11499
11500
11501
11503
11504
11506
11507
11508
11510
11512
11513
11514
11517
11518
11520
11522
11523
11524
11527
11528
11529
11532
11533
11536
11537
11540
11542
11543
11544
11545
11546
11547
11549
11550
11551
11553
11554
11557
11559
11560
11562
11567
11568
11569
11571
11572
11573
11574
11579
11580
11581
11582
11583
11584
11585
11587
11589
11590
11591
11592
11593
11598
11599
11600
11602
11606
11608
11609
11610
11613
11614
11615
11616
11618
11620
11621
11622
11623
11625
11626
11627
11628
11629
11630
11632
11633
11634
11637
11639
11640
11641
11643
11644
11646
11647
11648
11649
11650
11651
11652
11653
11654
11655
11656
11657
11658
11659
11660
11661
11662
11663
11664
11665
11666
11668
11669
11672
11674
11676
11677
11678
11681
11682
11684
11685
11688
11693
11694
11695
11696
11697
11698
11700
11701
11702
11704
11705
11707
11708
11710
11711
11713
11714
11715
11716
11717
11718
11723
11724
11725
