00003
00004
00006
00007
00011
00016
00017
00018
00019
00020
00021
00022
00023
00024
00025
00026
00028
00029
00032
00033
00037
00039
00043
00046
00047
00048
00050
00051
00052
00053
00054
00056
00058
00059
00060
00061
00066
00069
00070
00071
00072
00073
00075
00078
00080
00081
00083
00084
00087
00088
00089
00090
00097
00098
00099
00101
00102
00103
00105
00107
00108
00110
00112
00113
00115
00117
00124
00125
00126
00127
00128
00130
00131
00132
00133
00134
00136
00140
00141
00144
00147
00148
00150
00153
00155
00157
00158
00159
00160
00161
00163
00165
00166
00169
00171
00172
00173
00175
00177
00178
00180
00182
00185
00186
00189
00190
00191
00193
00198
00199
00202
00203
00206
00207
00209
00210
00213
00216
00217
00218
00221
00222
00229
00231
00232
00233
00234
00236
00237
00238
00240
00243
00244
00245
00246
00247
00252
00253
00254
00256
00257
00259
00263
00264
00268
00269
00271
00272
00274
00278
00279
00281
00282
00284
00285
00287
00291
00294
00296
00297
00298
00300
00302
00304
00308
00309
00311
00313
00315
00317
00318
00319
00320
00323
00330
00333
00334
00335
00336
00337
00340
00345
00346
00349
00351
00352
00353
00354
00357
00358
00361
00362
00363
00364
00365
00366
00367
00369
00370
00371
00373
00374
00376
00378
00380
00381
00383
00384
00385
00393
00395
00397
00399
00400
00401
00405
00406
00407
00409
00411
00412
00413
00414
00417
00419
00422
00423
00424
00425
00426
00429
00430
00431
00433
00436
00437
00438
00439
00440
00441
00443
00444
00445
00446
00448
00450
00451
00453
00460
00463
00464
00467
00469
00470
00471
00472
00473
00474
00475
00476
00478
00480
00481
00483
00485
00487
00488
00491
00492
00493
00494
00499
00500
00504
00505
00506
00507
00510
00511
00514
00515
00516
00517
00519
00523
00525
00526
00527
00528
00529
00530
00532
00537
00540
00543
00545
00549
00554
00555
00557
00558
00559
00560
00561
00564
00568
00572
00574
00575
00576
00577
00580
00582
00585
00586
00591
00593
00594
00597
00601
00603
00606
00610
00612
00614
00615
00620
00621
00622
00623
00626
00628
00629
00630
00631
00632
00633
00636
00637
00638
00639
00641
00645
00646
00649
00650
00652
00653
00654
00657
00658
00661
00663
00664
00666
00667
00668
00669
00670
00672
00674
00675
00676
00680
00685
00686
00687
00692
00693
00699
00700
00702
00705
00707
00709
00711
00712
00715
00717
00718
00719
00723
00724
00725
00727
00728
00730
00731
00733
00734
00736
00739
00740
00741
00743
00744
00748
00749
00751
00752
00753
00754
00755
00758
00760
00763
00766
00768
00773
00774
00775
00777
00781
00782
00784
00788
00791
00792
00793
00795
00796
00798
00799
00801
00802
00804
00805
00812
00813
00815
00816
00818
00821
00823
00825
00826
00828
00831
00832
00833
00838
00839
00840
00841
00842
00844
00846
00848
00851
00854
00857
00858
00860
00861
00862
00864
00866
00867
00870
00871
00874
00877
00878
00881
00882
00886
00887
00889
00891
00895
00896
00897
00898
00899
00902
00904
00906
00907
00908
00909
00912
00914
00915
00916
00917
00918
00920
00922
00923
00924
00925
00926
00927
00929
00932
00933
00934
00936
00937
00938
00939
00940
00941
00942
00944
00946
00949
00953
00954
00956
00958
00960
00961
00965
00966
00967
00970
00971
00972
00974
00976
00977
00978
00979
00982
00983
00988
00989
00991
00992
00994
00995
00999
01003
01004
01006
01007
01008
01009
01012
01013
01015
01017
01019
01020
01022
01023
01025
01026
01028
01030
01033
01034
01036
01037
01038
01041
01043
01045
01046
01051
01053
01054
01055
01063
01065
01066
01067
01069
01072
01073
01074
01075
01078
01085
01087
01088
01089
01093
01095
01096
01097
01098
01103
01105
01106
01107
01110
01113
01114
01115
01118
01121
01124
01126
01127
01128
01129
01131
01132
01134
01136
01137
01138
01139
01140
01142
01145
01148
01149
01152
01153
01154
01155
01158
01160
01161
01162
01163
01168
01169
01172
01177
01182
01186
01188
01190
01191
01192
01202
01204
01205
01208
01209
01211
01212
01213
01214
01215
01217
01218
01219
01221
01226
01229
01231
01232
01233
01234
01235
01236
01240
01245
01247
01249
01250
01251
01254
01256
01261
01264
01265
01267
01268
01270
01271
01273
01276
01277
01278
01280
01283
01284
01285
01286
01287
01288
01290
01292
01295
01299
01300
01301
01302
01303
01304
01305
01307
01308
01309
01314
01317
01318
01320
01322
01325
01326
01329
01331
01332
01333
01336
01338
01339
01340
01342
01344
01346
01348
01351
01357
01359
01363
01364
01366
01367
01370
01372
01375
01376
01380
01382
01384
01385
01386
01387
01389
01390
01392
01395
01399
01401
01403
01407
01408
01409
01410
01412
01413
01415
01416
01420
01423
01425
01426
01429
01433
01434
01436
01437
01441
01442
01443
01449
01450
01451
01452
01454
01455
01458
01459
01460
01462
01463
01464
01465
01469
01471
01472
01474
01478
01479
01482
01484
01485
01486
01487
01491
01492
01493
01496
01497
01498
01502
01504
01506
01507
01508
01509
01511
01512
01513
01514
01521
01522
01524
01526
01527
01528
01529
01531
01533
01534
01535
01537
01538
01541
01544
01545
01546
01547
01550
01552
01553
01556
01559
01561
01563
01565
01566
01568
01569
01570
01571
01572
01574
01575
01577
01578
01580
01581
01582
01584
01586
01590
01592
01593
01594
01595
01596
01597
01598
01599
01603
01604
01605
01606
01607
01608
01610
01613
01614
01615
01617
01618
01622
01623
01624
01628
01629
01631
01632
01633
01641
01644
01646
01647
01648
01649
01650
01651
01652
01653
01654
01655
01660
01661
01667
01669
01670
01672
01673
01675
01676
01677
01678
01679
01680
01681
01684
01686
01688
01690
01692
01693
01696
01697
01701
01702
01703
01705
01707
01709
01710
01711
01712
01713
01714
01715
01716
01717
01720
01722
01723
01725
01726
01727
01728
01735
01737
01738
01739
01742
01743
01745
01746
01747
01751
01752
01754
01756
01757
01759
01765
01766
01767
01771
01774
01776
01777
01779
01780
01782
01790
01791
01792
01797
01799
01802
01805
01807
01808
01813
01815
01816
01819
01820
01822
01825
01826
01830
01831
01835
01837
01838
01840
01841
01844
01845
01848
01852
01854
01855
01856
01858
01859
01862
01864
01865
01866
01868
01869
01870
01871
01872
01874
01875
01876
01878
01879
01880
01882
01883
01884
01886
01887
01888
01889
01894
01896
01898
01899
01904
01905
01906
01907
01908
01910
01911
01912
01913
01914
01915
01916
01920
01925
01928
01929
01930
01931
01933
01936
01938
01939
01943
01944
01945
01946
01950
01951
01953
01954
01955
01956
01957
01958
01959
01961
01962
01963
01964
01968
01969
01970
01975
01977
01980
01986
01987
01988
01991
01992
01994
01996
01998
01999
02000
02002
02007
02008
02010
02011
02013
02014
02015
02017
02020
02024
02025
02028
02030
02031
02033
02035
02036
02038
02039
02040
02042
02052
02054
02057
02058
02061
02063
02066
02070
02071
02073
02074
02076
02077
02079
02084
02085
02087
02088
02089
02090
02096
02100
02101
02102
02103
02106
02107
02108
02109
02111
02114
02117
02118
02119
02122
02124
02125
02127
02131
02135
02137
02140
02142
02143
02145
02150
02151
02153
02155
02157
02159
02163
02165
02168
02169
02170
02171
02172
02173
02178
02181
02182
02183
02186
02187
02190
02194
02195
02197
02199
02200
02201
02205
02206
02208
02209
02210
02211
02212
02214
02222
02223
02224
02226
02227
02228
02229
02231
02232
02233
02234
02237
02239
02242
02247
02253
02255
02257
02260
02266
02268
02270
02272
02273
02275
02276
02279
02280
02281
02286
02287
02289
02292
02296
02297
02298
02299
02301
02302
02306
02308
02309
02310
02311
02312
02313
02315
02318
02323
02324
02325
02327
02328
02331
02332
02333
02336
02338
02339
02341
02343
02346
02349
02351
02355
02358
02359
02360
02361
02362
02363
02364
02366
02368
02369
02370
02371
02372
02373
02374
02375
02377
02379
02381
02382
02383
02384
02385
02387
02388
02389
02391
02392
02394
02395
02396
02398
02399
02403
02404
02407
02408
02411
02412
02413
02414
02415
02418
02421
02423
02427
02428
02429
02430
02435
02439
02442
02445
02446
02447
02448
02451
02453
02459
02461
02462
02463
02464
02465
02468
02469
02473
02474
02476
02478
02479
02484
02486
02487
02488
02489
02491
02492
02493
02495
02497
02498
02500
02501
02502
02505
02508
02512
02513
02515
02520
02521
02523
02525
02528
02529
02530
02531
02532
02533
02536
02538
02540
02541
02542
02543
02544
02545
02546
02547
02549
02552
02554
02555
02556
02557
02558
02559
02564
02569
02572
02574
02575
02576
02577
02578
02579
02581
02584
02585
02587
02588
02589
02590
02591
02592
02593
02596
02599
02600
02602
02607
02610
02611
02612
02616
02617
02618
02619
02620
02624
02626
02632
02634
02635
02638
02639
02641
02645
02647
02648
02649
02651
02652
02655
02656
02659
02662
02663
02665
02666
02667
02679
02680
02683
02686
02687
02688
02689
02690
02692
02693
02694
02696
02697
02700
02703
02704
02705
02706
02707
02709
02710
02713
02714
02715
02716
02717
02723
02724
02725
02727
02728
02730
02732
02733
02735
02736
02738
02739
02740
02742
02744
02745
02747
02749
02751
02752
02753
02754
02756
02757
02760
02762
02763
02764
02765
02766
02767
02770
02771
02772
02774
02775
02776
02779
02780
02782
02784
02786
02788
02789
02790
02791
02792
02793
02797
02798
02800
02806
02808
02809
02812
02814
02815
02816
02817
02821
02822
02823
02825
02827
02828
02832
02834
02836
02837
02839
02840
02841
02842
02843
02844
02846
02850
02852
02859
02860
02861
02862
02864
02865
02867
02868
02869
02871
02872
02873
02874
02877
02878
02879
02882
02884
02887
02888
02889
02891
02892
02893
02899
02901
02903
02904
02905
02906
02908
02909
02911
02912
02914
02915
02916
02917
02919
02923
02926
02927
02928
02929
02930
02933
02934
02936
02941
02942
02943
02944
02946
02949
02950
02952
02954
02955
02956
02957
02961
02962
02963
02964
02966
02967
02970
02971
02972
02973
02974
02975
02977
02979
02981
02982
02985
02990
02991
02992
02994
02995
02997
03002
03004
03005
03006
03007
03008
03009
03011
03012
03013
03017
03019
03020
03024
03026
03027
03029
03031
03033
03036
03038
03039
03041
03043
03046
03047
03048
03049
03050
03052
03054
03055
03058
03059
03060
03062
03063
03065
03066
03067
03068
03070
03072
03073
03074
03075
03076
03078
03079
03082
03083
03086
03087
03088
03089
03090
03094
03096
03097
03099
03100
03101
03104
03105
03110
03112
03113
03114
03115
03117
03119
03120
03121
03122
03123
03124
03125
03126
03129
03130
03131
03134
03136
03138
03142
03143
03146
03150
03151
03156
03162
03164
03165
03166
03172
03174
03177
03179
03181
03184
03186
03187
03188
03190
03192
03195
03199
03203
03205
03206
03213
03214
03216
03219
03220
03222
03224
03225
03226
03228
03231
03235
03237
03238
03240
03242
03243
03247
03248
03251
03252
03253
03255
03256
03257
03259
03260
03261
03262
03263
03265
03268
03271
03274
03275
03278
03279
03280
03281
03282
03283
03286
03287
03290
03292
03293
03294
03296
03297
03298
03299
03300
03302
03303
03305
03306
03313
03315
03316
03319
03320
03322
03325
03326
03327
03330
03334
03335
03337
03338
03339
03340
03342
03343
03344
03345
03346
03347
03348
03352
03353
03354
03355
03356
03357
03358
03359
03365
03366
03367
03369
03370
03371
03373
03374
03376
03378
03379
03384
03385
03388
03391
03393
03395
03396
03399
03400
03401
03402
03403
03404
03406
03408
03410
03411
03412
03414
03416
03418
03420
03423
03424
03426
03427
03431
03433
03434
03437
03438
03439
03443
03445
03450
03452
03453
03455
03456
03457
03461
03463
03464
03465
03466
03468
03470
03472
03473
03474
03476
03477
03478
03481
03482
03484
03489
03492
03496
03497
03498
03499
03501
03502
03505
03506
03508
03510
03513
03515
03516
03517
03518
03519
03520
03522
03524
03525
03526
03528
03529
03531
03532
03534
03536
03537
03543
03544
03545
03546
03547
03549
03552
03553
03554
03559
03560
03563
03570
03571
03572
03573
03574
03575
03577
03578
03580
03581
03582
03584
03585
03586
03587
03588
03591
03594
03595
03596
03597
03598
03600
03604
03606
03608
03613
03614
03616
03618
03620
03624
03629
03631
03633
03634
03635
03638
03641
03643
03644
03645
03647
03648
03653
03654
03656
03657
03664
03666
03667
03669
03676
03680
03681
03682
03685
03687
03691
03695
03696
03698
03702
03703
03704
03706
03707
03708
03709
03710
03714
03717
03718
03720
03723
03724
03725
03726
03728
03729
03730
03731
03732
03735
03736
03737
03738
03739
03742
03743
03752
03754
03756
03757
03759
03763
03766
03769
03770
03771
03774
03775
03778
03783
03784
03786
03788
03789
03790
03791
03792
03794
03795
03796
03798
03801
03803
03804
03805
03806
03808
03810
03811
03813
03815
03816
03818
03819
03820
03821
03822
03825
03828
03829
03832
03836
03837
03839
03840
03842
03843
03844
03846
03851
03852
03853
03855
03864
03865
03866
03867
03868
03869
03870
03872
03873
03875
03876
03877
03879
03880
03883
03884
03887
03888
03889
03892
03893
03899
03901
03904
03905
03906
03907
03908
03910
03911
03912
03913
03914
03915
03917
03918
03919
03920
03921
03934
03935
03936
03937
03938
03941
03946
03951
03952
03956
03958
03960
03962
03966
03969
03970
03972
03978
03979
03980
03981
03983
03986
03989
03990
03991
03995
03996
03997
03998
03999
04000
04003
04010
04013
04014
04015
04017
04019
04020
04021
04024
04030
04033
04034
04037
04038
04043
04044
04047
04048
04050
04051
04052
04054
04055
04056
04058
04059
04060
04061
04062
04067
04069
04072
04073
04074
04075
04079
04081
04082
04083
04084
04087
04088
04091
04092
04093
04094
04096
04097
04098
04099
04100
04101
04104
04106
04108
04109
04111
04112
04113
04114
04116
04117
04118
04120
04121
04122
04123
04124
04129
04130
04132
04133
04134
04135
04136
04139
04144
04146
04147
04149
04156
04160
04162
04163
04165
04166
04168
04170
04171
04172
04175
04177
04180
04185
04186
04188
04190
04192
04195
04196
04198
04199
04200
04201
04202
04203
04206
04207
04211
04212
04213
04214
04215
04216
04217
04220
04221
04223
04225
04226
04227
04228
04230
04231
04235
04236
04237
04238
04239
04241
04242
04243
04244
04246
04247
04248
04251
04252
04253
04254
04255
04256
04258
04259
04261
04262
04264
04266
04267
04269
04272
04273
04278
04279
04283
04284
04285
04286
04288
04291
04292
04293
04294
04295
04296
04298
04300
04304
04308
04309
04310
04311
04313
04314
04315
04316
04319
04321
04322
04323
04325
04327
04328
04330
04332
04334
04336
04337
04339
04340
04343
04344
04345
04347
04348
04349
04350
04351
04352
04354
04356
04359
04361
04363
04364
04365
04366
04368
04370
04372
04374
04379
04380
04381
04384
04386
04388
04390
04393
04396
04397
04398
04400
04401
04402
04403
04406
04407
04409
04415
04416
04418
04419
04420
04424
04426
04427
04432
04434
04435
04439
04445
04446
04452
04454
04455
04457
04458
04459
04460
04462
04463
04464
04465
04466
04467
04469
04473
04477
04479
04482
04484
04486
04487
04488
04490
04491
04492
04494
04495
04496
04497
04498
04500
04501
04506
04507
04510
04511
04512
04513
04514
04516
04519
04522
04524
04525
04529
04530
04531
04532
04533
04534
04536
04537
04541
04542
04544
04545
04547
04548
04549
04551
04552
04553
04556
04558
04559
04560
04561
04562
04564
04565
04567
04568
04569
04571
04572
04573
04574
04575
04580
04581
04582
04583
04585
04586
04587
04589
04591
04592
04593
04595
04598
04599
04600
04601
04604
04605
04606
04609
04611
04612
04613
04614
04616
04618
04620
04621
04624
04625
04627
04630
04632
04633
04634
04637
04639
04642
04644
04645
04648
04649
04651
04652
04653
04655
04658
04659
04664
04665
04666
04670
04671
04672
04673
04674
04675
04678
04679
04681
04683
04685
04686
04687
04688
04690
04691
04697
04698
04699
04700
04706
04707
04708
04709
04710
04711
04715
04716
04717
04718
04719
04720
04721
04722
04723
04724
04725
04726
04731
04732
04733
04734
04736
04737
04738
04740
04743
04744
04745
04747
04752
04753
04754
04757
04758
04759
04760
04761
04762
04763
04766
04767
04769
04770
04772
04773
04776
04778
04780
04781
04782
04785
04786
04787
04788
04789
04790
04791
04792
04793
04801
04802
04803
04804
04807
04808
04810
04811
04816
04817
04820
04822
04825
04826
04827
04828
04830
04832
04834
04836
04837
04838
04839
04840
04843
04844
04846
04849
04853
04854
04855
04856
04857
04858
04859
04861
04862
04863
04864
04865
04866
04867
04868
04869
04871
04874
04876
04877
04879
04885
04886
04890
04893
04894
04896
04900
04904
04906
04907
04909
04911
04912
04916
04918
04923
04926
04928
04930
04931
04933
04935
04936
04937
04940
04941
04942
04945
04947
04948
04949
04952
04955
04956
04959
04960
04962
04963
04964
04965
04966
04967
04969
04971
04972
04975
04977
04978
04984
04986
04987
04988
04989
04992
04993
04995
04997
04998
05001
05003
05004
05006
05007
05009
05010
05012
05014
05016
05018
05019
05020
05023
05025
05026
05027
05029
05030
05031
05034
05038
05039
05041
05042
05044
05046
05048
05049
05050
05055
05057
05060
05061
05062
05064
05068
05069
05070
05073
05074
05075
05076
05079
05081
05082
05083
05088
05090
05091
05094
05095
05096
05098
05099
05104
05106
05107
05108
05109
05113
05114
05117
05118
05120
05122
05124
05125
05127
05129
05130
05131
05133
05135
05136
05140
05143
05144
05146
05148
05149
05150
05153
05154
05156
05157
05159
05161
05162
05164
05165
05166
05170
05175
05176
05177
05178
05181
05182
05183
05186
05188
05190
05195
05196
05198
05200
05201
05202
05206
05208
05211
05216
05219
05220
05221
05222
05223
05224
05225
05226
05227
05228
05233
05234
05235
05239
05240
05242
05244
05245
05247
05248
05249
05251
05252
05253
05254
05255
05256
05257
05259
05260
05263
05264
05265
05270
05272
05273
05274
05279
05281
05282
05283
05284
05285
05287
05290
05291
05294
05295
05296
05297
05298
05301
05302
05303
05304
05306
05307
05309
05310
05314
05315
05316
05320
05321
05323
05324
05326
05328
05331
05333
05334
05335
05337
05339
05342
05343
05344
05347
05349
05350
05352
05353
05354
05358
05360
05362
05363
05365
05366
05367
05368
05369
05372
05378
05380
05382
05384
05385
05391
05392
05393
05398
05399
05402
05403
05404
05406
05407
05409
05410
05414
05417
05419
05421
05424
05425
05429
05430
05431
05432
05433
05434
05436
05438
05440
05441
05445
05446
05448
05449
05454
05455
05456
05457
05459
05460
05464
05469
05471
05474
05475
05477
05478
05480
05481
05484
05485
05486
05487
05488
05490
05493
05494
05495
05496
05497
05498
05499
05500
05502
05503
05505
05506
05507
05508
05512
05513
05514
05515
05516
05519
05520
05522
05524
05527
05529
05530
05531
05533
05534
05536
05537
05538
05539
05540
05541
05543
05545
05547
05548
05551
05553
05554
05557
05558
05559
05560
05561
05563
05565
05566
05567
05568
05569
05570
05572
05574
05575
05578
05579
05581
05582
05583
05585
05586
05590
05592
05593
05594
05597
05598
05600
05601
05603
05604
05605
05606
05609
05610
05611
05614
05617
05618
05624
05625
05627
05628
05632
05633
05634
05635
05639
05640
05645
05647
05648
05650
05651
05652
05654
05655
05656
05657
05658
05659
05661
05662
05665
05667
05668
05669
05670
05674
05675
05676
05677
05682
05683
05686
05687
05689
05690
05695
05697
05699
05702
05703
05704
05707
05709
05710
05711
05712
05713
05714
05717
05718
05721
05725
05726
05728
05729
05730
05731
05732
05734
05735
05736
05737
05739
05741
05742
05743
05745
05746
05752
05753
05754
05755
05757
05758
05759
05762
05764
05765
05766
05767
05770
05775
05777
05778
05782
05784
05785
05786
05787
05791
05794
05795
05798
05805
05806
05808
05809
05810
05813
05814
05815
05821
05822
05823
05825
05826
05828
05829
05833
05836
05838
05839
05841
05842
05845
05849
05851
05852
05853
05854
05855
05856
05858
05859
05863
05864
05866
05868
05871
05876
05877
05878
05879
05880
05881
05882
05883
05884
05886
05888
05890
05891
05892
05893
05897
05898
05899
05903
05906
05907
05909
05910
05911
05915
05917
05918
05919
05920
05921
05923
05924
05927
05929
05932
05939
05940
05941
05942
05944
05945
05946
05948
05950
05954
05956
05960
05962
05963
05964
05968
05969
05970
05971
05972
05975
05978
05980
05981
05983
05985
05986
05987
05989
05990
05992
05994
05997
05999
06002
06003
06004
06006
06007
06008
06009
06012
06013
06015
06016
06017
06018
06019
06020
06023
06024
06026
06028
06031
06032
06033
06034
06035
06037
06041
06042
06045
06051
06052
06053
06055
06056
06059
06060
06061
06063
06065
06066
06067
06071
06072
06073
06077
06079
06084
06086
06087
06089
06091
06092
06093
06095
06100
06103
06105
06106
06110
06111
06114
06115
06116
06119
06123
06128
06129
06130
06132
06134
06137
06138
06140
06145
06147
06150
06152
06153
06156
06158
06159
06160
06163
06164
06165
06167
06168
06176
06179
06181
06182
06183
06187
06188
06190
06194
06195
06196
06198
06201
06202
06203
06205
06206
06207
06208
06209
06212
06214
06215
06217
06218
06219
06220
06222
06223
06224
06226
06227
06229
06230
06233
06234
06236
06238
06241
06242
06243
06244
06245
06246
06250
06251
06252
06254
06259
06260
06262
06265
06268
06273
06279
06280
06287
06292
06297
06298
06299
06300
06301
06302
06303
06304
06309
06312
06313
06314
06315
06320
06322
06324
06328
06329
06330
06332
06333
06334
06337
06340
06343
06348
06350
06351
06353
06355
06356
06357
06359
06360
06361
06364
06365
06366
06367
06368
06369
06370
06372
06373
06374
06375
06376
06379
06381
06385
06388
06390
06391
06393
06394
06396
06398
06399
06402
06408
06409
06412
06417
06421
06425
06428
06429
06430
06431
06432
06433
06434
06435
06436
06439
06440
06445
06446
06447
06448
06449
06450
06452
06454
06456
06457
06459
06460
06462
06464
06465
06468
06471
06472
06473
06475
06477
06478
06479
06480
06482
06483
06484
06485
06487
06491
06494
06496
06498
06499
06500
06502
06503
06506
06507
06513
06517
06518
06519
06520
06521
06522
06523
06524
06525
06526
06527
06528
06532
06535
06536
06537
06538
06540
06541
06543
06546
06547
06549
06550
06553
06554
06555
06556
06558
06561
06562
06564
06567
06572
06574
06576
06578
06580
06581
06582
06583
06584
06585
06586
06587
06597
06598
06600
06601
06602
06605
06606
06608
06609
06611
06612
06613
06614
06616
06620
06622
06624
06628
06629
06631
06632
06633
06635
06637
06638
06640
06641
06642
06646
06651
06654
06655
06657
06658
06659
06660
06661
06662
06663
06664
06665
06666
06669
06671
06672
06674
06675
06677
06678
06679
06681
06682
06684
06685
06686
06687
06689
06690
06691
06692
06693
06698
06700
06701
06703
06704
06706
06708
06709
06716
06717
06718
06720
06722
06725
06726
06727
06728
06729
06730
06731
06733
06734
06735
06736
06737
06738
06740
06741
06742
06743
06745
06746
06747
06749
06750
06751
06752
06754
06755
06761
06762
06763
06765
06767
06768
06770
06771
06772
06773
06776
06777
06778
06782
06783
06786
06789
06791
06793
06797
06798
06799
06808
06810
06814
06815
06817
06818
06825
06826
06829
06830
06831
06832
06833
06834
06838
06842
06843
06844
06845
06846
06848
06849
06850
06852
06854
06858
06860
06861
06863
06864
06867
06870
06871
06872
06873
06874
06875
06876
06877
06881
06885
06886
06887
06890
06893
06894
06895
06899
06900
06901
06904
06907
06909
06913
06915
06917
06920
06922
06926
06928
06929
06930
06931
06932
06933
06937
06939
06941
06942
06945
06946
06948
06952
06953
06954
06955
06956
06957
06959
06960
06961
06962
06964
06965
06966
06968
06971
06972
06975
06976
06977
06979
06980
06983
06984
06987
06993
06994
06997
06999
07000
07001
07002
07003
07005
07006
07008
07009
07010
07011
07012
07013
07016
07017
07020
07021
07022
07023
07024
07025
07026
07027
07028
07029
07030
07034
07035
07039
07041
07042
07044
07045
07047
07048
07050
07051
07052
07054
07055
07056
07059
07060
07061
07064
07065
07066
07067
07070
07071
07073
07074
07077
07078
07080
07081
07082
07085
07093
07094
07096
07097
07098
07102
07103
07104
07105
07106
07108
07110
07111
07115
07116
07119
07121
07125
07128
07129
07133
07134
07135
07136
07137
07142
07143
07144
07147
07148
07150
07152
07153
07155
07159
07160
07161
07163
07166
07168
07169
07172
07175
07176
07177
07178
07179
07180
07182
07183
07185
07187
07189
07190
07191
07193
07194
07195
07200
07201
07202
07204
07206
07208
07210
07213
07214
07215
07216
07217
07218
07219
07220
07222
07223
07224
07227
07228
07230
07233
07235
07237
07244
07245
07250
07253
07255
07256
07257
07260
07261
07262
07263
07264
07267
07269
07272
07273
07274
07276
07277
07278
07279
07281
07282
07283
07285
07287
07289
07291
07292
07294
07296
07299
07300
07301
07304
07305
07306
07307
07309
07310
07316
07317
07318
07319
07323
07327
07328
07330
07333
07335
07336
07339
07340
07342
07343
07344
07346
07348
07350
07353
07356
07357
07358
07360
07361
07362
07363
07365
07366
07367
07368
07369
07371
07372
07374
07376
07379
07381
07383
07385
07386
07387
07388
07389
07397
07399
07400
07401
07405
07409
07411
07414
07415
07417
07418
07419
07421
07423
07424
07427
07428
07430
07432
07434
07436
07439
07442
07447
07450
07451
07452
07453
07454
07455
07463
07466
07472
07473
07475
07476
07478
07479
07480
07482
07483
07486
07492
07493
07495
07498
07499
07500
07501
07503
07505
07506
07507
07508
07511
07512
07513
07515
07517
07519
07520
07521
07524
07525
07526
07527
07530
07532
07542
07545
07546
07547
07548
07550
07553
07554
07556
07557
07559
07560
07562
07563
07565
07569
07570
07571
07572
07573
07574
07577
07579
07580
07583
07587
07590
07591
07592
07600
07601
07602
07603
07605
07606
07607
07611
07614
07616
07617
07618
07619
07620
07621
07623
07625
07626
07629
07633
07634
07635
07636
07637
07638
07640
07641
07644
07645
07648
07650
07651
07652
07653
07655
07657
07660
07661
07664
07667
07668
07669
07671
07675
07678
07679
07680
07682
07683
07684
07685
07686
07688
07692
07694
07695
07696
07697
07698
07702
07703
07704
07709
07711
07712
07713
07718
07719
07720
07721
07725
07727
07728
07729
07730
07732
07734
07737
07740
07743
07744
07746
07750
07752
07753
07754
07755
07756
07757
07758
07759
07762
07763
07768
07770
07772
07773
07775
07778
07782
07784
07785
07789
07790
07793
07794
07796
07797
07803
07810
07811
07812
07814
07816
07817
07818
07819
07820
07821
07824
07825
07829
07832
07833
07835
07839
07841
07844
07845
07848
07849
07850
07853
07854
07855
07856
07858
07859
07860
07862
07864
07865
07868
07869
07871
07872
07873
07875
07877
07878
07881
07882
07886
07887
07888
07890
07891
07892
07896
07897
07900
07901
07902
07907
07908
07909
07911
07913
07914
07915
07920
07921
07923
07925
07927
07929
07931
07935
07937
07938
07939
07941
07944
07946
07949
07957
07958
07959
07960
07963
07966
07968
07974
07977
07978
07979
07980
07981
07983
07984
07985
07986
07987
07989
07994
07995
07996
07999
08001
08007
08009
08011
08012
08013
08014
08015
08017
08019
08020
08021
08024
08026
08030
08032
08033
08035
08036
08037
08038
08039
08041
08042
08046
08047
08049
08051
08053
08054
08056
08057
08058
08059
08060
08061
08063
08064
08065
08066
08067
08068
08069
08071
08072
08073
08079
08080
08081
08083
08084
08086
08087
08088
08089
08090
08092
08093
08094
08096
08097
08098
08099
08100
08101
08102
08103
08105
08107
08108
08111
08112
08114
08115
08118
08119
08121
08122
08123
08124
08125
08126
08127
08130
08131
08133
08134
08137
08139
08145
08147
08148
08149
08151
08155
08157
08160
08161
08162
08171
08172
08173
08175
08176
08180
08186
08188
08189
08190
08192
08193
08194
08195
08196
08198
08199
08205
08206
08207
08208
08209
08210
08211
08212
08213
08215
08216
08219
08222
08223
08224
08226
08227
08228
08232
08233
08234
08235
08236
08237
08240
08243
08244
08245
08248
08250
08252
08253
08254
08255
08256
08258
08259
08260
08262
08267
08268
08272
08273
08274
08279
08280
08283
08284
08285
08286
08288
08291
08295
08297
08304
08305
08306
08307
08310
08311
08312
08315
08316
08318
08321
08322
08326
08327
08330
08333
08336
08337
08339
08340
08343
08346
08347
08348
08350
08351
08352
08353
08356
08359
08361
08363
08364
08365
08366
08370
08372
08373
08375
08376
08379
08381
08382
08383
08384
08385
08386
08388
08390
08394
08395
08396
08397
08398
08401
08403
08405
08406
08407
08408
08409
08410
08411
08412
08413
08414
08415
08416
08417
08420
08421
08422
08423
08425
08426
08429
08430
08434
08436
08438
08440
08442
08443
08444
08445
08447
08448
08455
08457
08461
08462
08463
08466
08468
08469
08475
08476
08477
08478
08479
08483
08486
08488
08489
08490
08491
08492
08493
08495
08497
08502
08504
08508
08509
08510
08511
08516
08517
08519
08522
08523
08524
08525
08528
08531
08533
08535
08536
08538
08539
08541
08544
08545
08548
08552
08553
08554
08555
08556
08565
08566
08567
08570
08572
08574
08575
08576
08578
08582
08585
08586
08587
08588
08589
08591
08592
08594
08595
08598
08602
08608
08614
08615
08617
08618
08619
08624
08625
08627
08631
08634
08638
08639
08640
08642
08643
08644
08645
08647
08651
08653
08654
08657
08658
08660
08662
08663
08664
08666
08668
08673
08675
08677
08678
08680
08681
08682
08684
08685
08686
08689
08690
08691
08693
08694
08699
08701
08707
08708
08710
08711
08712
08713
08714
08717
08718
08719
08720
08721
08723
08724
08725
08727
08728
08730
08731
08738
08739
08740
08741
08744
08747
08748
08750
08753
08756
08757
08758
08760
08762
08765
08769
08770
08771
08776
08778
08784
08785
08787
08789
08791
08792
08793
08796
08798
08800
08801
08802
08803
08804
08805
08807
08810
08811
08813
08814
08815
08816
08817
08818
08819
08821
08822
08823
08824
08825
08826
08829
08830
08831
08832
08833
08834
08838
08839
08840
08841
08847
08851
08852
08855
08856
08857
08858
08860
08863
08864
08866
08868
08869
08873
08874
08876
08877
08878
08879
08882
08883
08885
08888
08893
08896
08897
08899
08901
08903
08904
08907
08908
08909
08910
08918
08922
08924
08928
08929
08930
08933
08934
08935
08937
08939
08940
08941
08946
08948
08949
08950
08952
08953
08955
08956
08958
08959
08961
08964
08965
08968
08971
08972
08975
08976
08977
08980
08982
08985
08986
08988
08990
08991
08992
08993
08994
08995
08996
08997
08998
09000
09004
09006
09009
09010
09012
09014
09019
09020
09021
09024
09026
09027
09029
09030
09031
09032
09033
09034
09038
09039
09041
09042
09044
09046
09047
09049
09051
09053
09055
09057
09059
09060
09061
09062
09063
09064
09067
09069
09070
09071
09072
09074
09076
09078
09081
09083
09085
09091
09092
09094
09095
09096
09097
09098
09100
09101
09106
09107
09108
09112
09113
09114
09115
09116
09117
09118
09119
09120
09121
09122
09125
09128
09130
09131
09133
09134
09138
09140
09141
09142
09145
09146
09148
09149
09151
09156
09158
09159
09161
09168
09169
09170
09174
09176
09177
09179
09182
09186
09188
09190
09192
09193
09195
09196
09197
09198
09200
09201
09203
09204
09205
09206
09207
09208
09214
09216
09217
09218
09219
09222
09223
09224
09225
09228
09229
09230
09233
09236
09239
09241
09243
09244
09245
09246
09247
09249
09251
09254
09255
09256
09258
09260
09262
09263
09264
09265
09266
09267
09270
09279
09281
09283
09284
09286
09287
09288
09292
09293
09294
09296
09297
09299
09301
09302
09303
09305
09307
09308
09310
09311
09313
09316
09318
09319
09320
09323
09325
09328
09332
09333
09335
09337
09339
09340
09342
09343
09344
09346
09347
09349
09350
09351
09352
09353
09354
09356
09357
09358
09359
09360
09361
09364
09367
09368
09370
09371
09374
09375
09376
09378
09379
09380
09381
09382
09385
09387
09388
09389
09390
09392
09399
09400
09401
09402
09404
09405
09406
09407
09408
09409
09410
09411
09413
09417
09418
09420
09424
09425
09428
09432
09433
09434
09437
09438
09439
09440
09441
09442
09444
09446
09448
09450
09457
09458
09463
09465
09467
09470
09472
09478
09479
09480
09485
09487
09488
09489
09491
09492
09497
09499
09500
09503
09504
09505
09506
09507
09509
09511
09512
09513
09515
09517
09518
09519
09520
09521
09524
09526
09527
09528
09529
09530
09531
09533
09534
09537
09538
09540
09542
09543
09544
09547
09549
09552
09554
09556
09567
09568
09570
09571
09572
09574
09576
09578
09579
09580
09584
09585
09586
09588
09589
09591
09593
09594
09595
09598
09599
09602
09603
09604
09608
09609
09610
09611
09615
09618
09621
09622
09623
09627
09628
09632
09633
09634
09635
09636
09638
09641
09643
09644
09648
09654
09656
09659
09661
09662
09663
09664
09665
09666
09667
09668
09669
09670
09671
09674
09676
09678
09680
09683
09684
09685
09687
09691
09698
09701
09704
09706
09708
09709
09710
09715
09716
09719
09720
09722
09723
09727
09728
09729
09730
09731
09733
09735
09741
09746
09750
09753
09754
09757
09758
09760
09761
09762
09763
09766
09768
09769
09773
09774
09776
09777
09778
09780
09782
09784
09785
09786
09788
09794
09795
09796
09798
09799
09800
09802
09803
09805
09806
09811
09812
09813
09814
09818
09822
09825
09826
09828
09833
09834
09836
09839
09842
09844
09845
09849
09851
09854
09856
09859
09863
09864
09865
09868
09869
09870
09873
09874
09875
09876
09877
09878
09879
09880
09882
09885
09886
09887
09888
09892
09893
09897
09899
09900
09901
09904
09905
09907
09910
09911
09912
09921
09923
09925
09926
09927
09928
09929
09931
09932
09935
09936
09941
09943
09946
09948
09951
09953
09954
09958
09959
09961
09963
09964
09965
09967
09968
09970
09972
09974
09975
09977
09978
09980
09982
09983
09984
09989
09990
09991
09992
09995
09997
10000
10002
10004
10005
10006
10007
10009
10010
10015
10016
10021
10023
10024
10027
10028
10029
10031
10032
10033
10034
10035
10036
10037
10038
10040
10041
10042
10043
10045
10046
10047
10048
10051
10054
10056
10060
10061
10064
10067
10071
10073
10074
10076
10077
10078
10079
10081
10083
10086
10088
10089
10093
10094
10097
10099
10101
10102
10103
10104
10105
10106
10107
10109
10112
10117
10122
10127
10129
10130
10131
10133
10134
10135
10138
10139
10140
10141
10142
10143
10145
10151
10153
10155
10157
10161
10162
10163
10164
10172
10176
10180
10182
10184
10185
10186
10188
10189
10191
10192
10193
10194
10197
10200
10202
10203
10204
10205
10206
10207
10210
10214
10215
10218
10219
10220
10221
10227
10228
10229
10230
10231
10233
10235
10236
10241
10243
10245
10255
10256
10257
10258
10261
10262
10263
10264
10265
10268
10270
10272
10275
10276
10277
10280
10282
10283
10284
10286
10288
10294
10298
10300
10301
10304
10306
10310
10315
10316
10317
10319
10321
10323
10327
10328
10329
10330
10335
10336
10337
10338
10340
10341
10342
10346
10349
10350
10351
10352
10354
10356
10357
10359
10360
10361
10364
10367
10369
10372
10373
10375
10378
10379
10380
10383
10384
10385
10386
10387
10388
10390
10392
10394
10396
10397
10398
10401
10402
10409
10410
10412
10414
10416
10417
10419
10421
10422
10423
10427
10428
10429
10431
10432
10434
10435
10436
10438
10440
10441
10442
10444
10454
10455
10457
10458
10459
10461
10462
10465
10468
10469
10470
10471
10472
10475
10478
10479
10480
10483
10484
10486
10488
10489
10490
10491
10497
10498
10499
10500
10503
10504
10505
10506
10508
10509
10510
10515
10516
10518
10519
10520
10521
10522
10523
10527
10528
10529
10530
10533
10534
10537
10540
10541
10542
10544
10545
10546
10547
10549
10551
10552
10555
10557
10561
10562
10563
10564
10568
10569
10571
10573
10574
10575
10576
10577
10578
10579
10580
10581
10588
10590
10593
10594
10595
10596
10599
10600
10601
10602
10603
10610
10611
10612
10616
10622
10624
10625
10626
10633
10634
10638
10644
10647
10648
10649
10650
10654
10656
10657
10659
10660
10662
10664
10665
10669
10671
10675
10676
10677
10678
10680
10681
10682
10683
10685
10686
10693
10694
10695
10697
10699
10700
10701
10703
10704
10707
10708
10711
10714
10715
10717
10719
10721
10722
10724
10726
10727
10728
10729
10730
10733
10734
10736
10737
10740
10741
10743
10744
10747
10750
10752
10753
10755
10757
10759
10760
10761
10764
10765
10767
10769
10770
10771
10772
10775
10776
10783
10785
10793
10794
10795
10797
10798
10799
10800
10801
10802
10803
10805
10806
10807
10809
10810
10813
10815
10819
10821
10824
10825
10826
10827
10832
10833
10837
10839
10840
10841
10844
10845
10846
10847
10849
10852
10854
10855
10856
10857
10858
10859
10865
10869
10872
10873
10874
10877
10880
10882
10884
10885
10888
10889
10890
10893
10895
10898
10899
10901
10902
10905
10907
10908
10911
10913
10914
10915
10917
10919
10920
10921
10922
10923
10925
10930
10931
10933
10935
10936
10938
10939
10940
10941
10942
10944
10945
10946
10947
10949
10950
10953
10955
10958
10959
10961
10962
10964
10965
10966
10969
10971
10975
10977
10979
10982
10983
10984
10985
10987
10989
10994
10995
10996
10998
10999
11000
11003
11012
11013
11017
11019
11025
11026
11028
11029
11030
11031
11035
11042
11043
11044
11045
11048
11052
11053
11056
11058
11063
11065
11066
11068
11072
11073
11075
11077
11078
11086
11087
11088
11089
11090
11091
11093
11095
11096
11098
11099
11101
11102
11104
11106
11107
11110
11111
11117
11119
11121
11122
11124
11126
11127
11128
11129
11130
11131
11133
11134
11136
11138
11143
11144
11147
11149
11150
11151
11152
11153
11154
11156
11157
11159
11161
11163
11166
11169
11170
11171
11173
11176
11178
11180
11181
11182
11184
11185
11192
11194
11195
11197
11200
11201
11206
11208
11209
11210
11213
11214
11215
11216
11221
11222
11223
11224
11225
11227
11228
11229
11231
11234
11235
11236
11239
11240
11248
11249
11250
11251
11254
11256
11259
11260
11261
11263
11264
11265
11266
11270
11271
11276
11277
11278
11279
11280
11281
11284
11291
11292
11293
11294
11295
11297
11298
11299
11300
11302
11305
11309
11311
11312
11313
11314
11318
11321
11322
11326
11328
11330
11332
11334
11336
11339
11340
11342
11347
11348
11352
11353
11354
11357
11358
11360
11361
11365
11366
11367
11369
11370
11373
11374
11375
11376
11377
11381
11382
11385
11389
11390
11391
11394
11399
11401
11403
11404
11405
11406
11408
11409
11410
11411
11414
11417
11419
11420
11422
11423
11424
11426
11429
11430
11431
11432
11433
11434
11438
11439
11440
11441
11443
11444
11445
11447
11448
11449
11451
11452
11454
11456
11457
11460
11461
11462
11464
11465
11466
11468
11469
11471
11473
11476
11478
11479
11481
11483
11484
11486
11487
11491
11492
11493
11494
11497
11499
11502
11506
11507
11508
11510
11513
11515
11518
11520
11521
11523
11525
11526
11529
11534
11535
11538
11539
11545
11547
11549
11550
11551
11552
11553
11554
11555
11556
11557
11558
11560
11561
11562
11564
11566
11567
11568
11570
11571
11575
11576
11577
11579
11580
11583
11587
11588
11589
11597
11598
11599
11600
11601
11604
11605
11607
11609
11610
11611
11612
11613
11616
11619
11620
11622
11623
11624
11629
11630
11631
11633
11635
11636
11637
11638
11641
11642
11643
11645
11647
11649
11652
11653
11655
11656
11657
11658
11663
11664
11668
11669
11670
11671
11673
11674
11675
11679
11681
11683
11686
11687
11689
11694
11695
11697
11699
11701
11702
11703
11704
11705
11706
11707
11708
11709
11713
11714
11715
11718
11719
11721
11722
11723
