00001
00003
00004
00005
00006
00010
00012
00013
00014
00018
00019
00021
00022
00026
00027
00028
00030
00031
00032
00033
00034
00035
00036
00037
00038
00040
00041
00042
00043
00044
00045
00046
00048
00049
00052
00053
00054
00056
00057
00059
00060
00062
00063
00064
00066
00067
00068
00071
00072
00073
00074
00075
00076
00077
00078
00079
00080
00081
00082
00083
00084
00085
00086
00088
00091
00094
00095
00096
00098
00099
00101
00102
00103
00104
00106
00109
00110
00111
00113
00115
00116
00118
00119
00120
00122
00123
00125
00126
00127
00129
00131
00135
00136
00137
00138
00140
00141
00143
00144
00145
00146
00147
00148
00149
00150
00151
00152
00153
00154
00156
00157
00158
00159
00160
00161
00163
00164
00165
00167
00168
00169
00170
00172
00174
00176
00177
00178
00180
00182
00183
00184
00185
00187
00188
00189
00192
00194
00195
00197
00198
00200
00201
00202
00203
00204
00205
00206
00207
00208
00209
00210
00211
00214
00215
00216
00217
00219
00220
00221
00223
00224
00226
00227
00228
00230
00231
00235
00238
00239
00240
00241
00242
00244
00245
00246
00247
00248
00249
00250
00251
00252
00253
00255
00256
00258
00259
00260
00261
00262
00263
00265
00266
00267
00270
00271
00273
00275
00276
00277
00278
00279
00280
00282
00283
00285
00286
00291
00295
00297
00299
00300
00301
00302
00304
00306
00307
00308
00309
00310
00311
00312
00313
00314
00315
00316
00317
00318
00319
00320
00321
00323
00324
00325
00327
00328
00329
00330
00331
00334
00335
00336
00337
00338
00339
00341
00342
00343
00344
00345
00347
00348
00349
00350
00351
00353
00354
00355
00356
00357
00358
00359
00360
00363
00368
00369
00370
00371
00372
00373
00374
00375
00376
00379
00381
00385
00386
00387
00388
00389
00390
00391
00392
00394
00395
00396
00397
00398
00399
00402
00403
00404
00405
00407
00408
00409
00411
00412
00413
00415
00416
00418
00420
00421
00423
00424
00425
00426
00427
00428
00431
00432
00434
00435
00436
00437
00440
00441
00442
00445
00446
00447
00449
00451
00452
00453
00455
00456
00457
00458
00459
00461
00463
00465
00466
00467
00469
00470
00471
00472
00474
00475
00476
00477
00478
00479
00482
00483
00484
00485
00486
00487
00488
00489
00490
00492
00494
00495
00496
00497
00498
00499
00501
00502
00503
00505
00506
00507
00508
00509
00510
00512
00513
00514
00515
00518
00520
00521
00522
00525
00528
00529
00531
00532
00533
00534
00535
00536
00537
00539
00540
00541
00542
00544
00548
00550
00551
00552
00553
00554
00556
00557
00559
00560
00563
00564
00565
00566
00567
00569
00570
00571
00573
00575
00577
00578
00579
00580
00581
00582
00583
00584
00585
00590
00593
00595
00596
00598
00600
00601
00602
00605
00606
00607
00609
00610
00611
00612
00613
00614
00616
00617
00618
00619
00620
00624
00626
00627
00632
00633
00634
00635
00636
00637
00639
00640
00641
00642
00643
00644
00645
00647
00648
00652
00654
00655
00656
00657
00659
00660
00661
00662
00663
00664
00665
00666
00668
00671
00673
00675
00676
00677
00678
00679
00681
00682
00683
00684
00685
00686
00688
00689
00692
00693
00695
00696
00697
00698
00699
00700
00701
00703
00704
00705
00707
00708
00709
00710
00711
00712
00713
00714
00715
00716
00719
00721
00722
00723
00725
00726
00727
00729
00731
00732
00733
00734
00735
00736
00737
00738
00740
00742
00743
00745
00746
00747
00748
00749
00750
00751
00757
00759
00761
00762
00763
00765
00766
00767
00770
00771
00772
00773
00775
00776
00777
00778
00779
00780
00781
00783
00785
00786
00787
00789
00790
00792
00793
00794
00797
00798
00800
00803
00805
00806
00807
00808
00809
00810
00811
00813
00814
00815
00817
00818
00820
00821
00822
00826
00827
00829
00830
00831
00832
00834
00835
00836
00837
00838
00841
00842
00843
00845
00846
00847
00848
00849
00850
00853
00855
00856
00857
00859
00862
00863
00864
00865
00868
00869
00870
00871
00873
00874
00875
00876
00877
00878
00879
00880
00883
00885
00886
00887
00888
00890
00893
00894
00895
00896
00898
00899
00900
00901
00903
00906
00910
00911
00913
00914
00915
00916
00917
00918
00919
00920
00921
00922
00925
00929
00930
00931
00932
00933
00934
00935
00936
00937
00938
00939
00945
00946
00947
00949
00950
00951
00953
00954
00955
00956
00959
00961
00962
00963
00964
00965
00967
00968
00969
00971
00973
00976
00977
00980
00981
00982
00984
00985
00986
00987
00988
00990
00993
00995
00996
00998
00999
01001
01002
01003
01004
01005
01006
01007
01008
01009
01010
01011
01012
01014
01018
01020
01021
01022
01023
01024
01026
01027
01028
01029
01031
01032
01033
01034
01035
01036
01039
01040
01041
01042
01043
01044
01046
01047
01048
01049
01050
01051
01052
01053
01054
01056
01057
01059
01062
01063
01064
01065
01066
01068
01069
01070
01071
01075
01076
01078
01079
01081
01083
01085
01086
01087
01088
01090
01091
01092
01093
01094
01095
01096
01097
01101
01104
01106
01109
01111
01112
01113
01116
01117
01119
01120
01122
01123
01125
01127
01131
01132
01134
01135
01138
01140
01141
01143
01144
01145
01146
01147
01148
01149
01151
01153
01154
01156
01157
01158
01159
01160
01161
01162
01164
01165
01166
01167
01169
01170
01171
01172
01173
01174
01176
01177
01178
01179
01180
01181
01182
01183
01184
01185
01186
01187
01189
01191
01193
01194
01195
01196
01197
01198
01200
01201
01202
01203
01204
01205
01206
01207
01209
01210
01212
01213
01216
01219
01220
01222
01223
01224
01227
01230
01231
01233
01235
01237
01238
01239
01240
01241
01243
01244
01246
01247
01249
01252
01253
01255
01256
01257
01259
01260
01263
01264
01265
01266
01267
01268
01269
01270
01271
01272
01273
01274
01275
01279
01281
01282
01283
01285
01286
01287
01289
01290
01291
01293
01294
01297
01298
01300
01303
01304
01306
01308
01309
01310
01312
01313
01314
01315
01316
01317
01318
01319
01321
01322
01323
01324
01325
01327
01328
01330
01331
01332
01333
01335
01337
01338
01339
01340
01341
01343
01345
01346
01347
01348
01351
01352
01353
01354
01356
01358
01360
01361
01364
01365
01368
01369
01371
01372
01374
01378
01379
01380
01381
01382
01383
01384
01385
01387
01389
01390
01391
01392
01393
01394
01397
01398
01402
01403
01404
01405
01406
01407
01409
01410
01411
01412
01413
01417
01418
01419
01420
01421
01423
01424
01428
01429
01430
01432
01433
01434
01435
01437
01438
01439
01441
01443
01444
01445
01447
01448
01449
01452
01453
01456
01457
01458
01459
01461
01462
01463
01464
01465
01466
01467
01468
01469
01470
01472
01473
01474
01475
01476
01477
01478
01479
01480
01481
01482
01483
01484
01485
01487
01488
01489
01490
01491
01492
01493
01494
01500
01501
01502
01503
01504
01506
01507
01508
01509
01510
01511
01512
01513
01514
01515
01518
01520
01521
01522
01523
01524
01525
01527
01528
01529
01530
01532
01533
01534
01536
01537
01539
01540
01541
01542
01543
01546
01547
01551
01553
01554
01555
01556
01557
01558
01560
01561
01562
01563
01564
01567
01568
01569
01570
01571
01572
01573
01576
01577
01579
01581
01582
01584
01585
01586
01588
01590
01591
01592
01593
01594
01595
01597
01598
01599
01601
01602
01609
01610
01612
01613
01614
01615
01616
01617
01618
01619
01620
01621
01622
01624
01625
01626
01627
01628
01631
01633
01634
01635
01636
01637
01638
01639
01640
01641
01642
01643
01644
01645
01646
01648
01649
01650
01651
01653
01654
01655
01656
01657
01658
01659
01660
01661
01662
01663
01664
01665
01666
01668
01669
01672
01674
01675
01677
01678
01680
01681
01682
01683
01684
01685
01687
01688
01691
01692
01694
01695
01696
01699
01701
01702
01704
01705
01707
01708
01709
01710
01714
01716
01718
01721
01724
01725
01726
01727
01728
01729
01730
01731
01732
01733
01734
01738
01740
01741
01742
01743
01744
01745
01746
01747
01748
01749
01751
01753
01754
01755
01756
01758
01759
01760
01761
01762
01764
01766
01767
01768
01769
01770
01772
01773
01774
01775
01777
01778
01779
01780
01781
01782
01783
01784
01785
01786
01787
01788
01789
01790
01791
01793
01794
01795
01796
01797
01798
01800
01801
01802
01803
01804
01807
01809
01810
01811
01812
01813
01814
01815
01816
01817
01818
01819
01820
01821
01822
01823
01824
01825
01826
01827
01829
01833
01834
01835
01837
01838
01839
01840
01841
01843
01844
01846
01847
01848
01850
01853
01857
01858
01859
01860
01861
01862
01863
01864
01865
01866
01867
01868
01869
01870
01873
01874
01875
01877
01878
01879
01881
01883
01885
01888
01889
01890
01893
01894
01897
01900
01902
01903
01905
01908
01909
01912
01913
01914
01915
01918
01919
01920
01921
01922
01923
01924
01925
01926
01927
01929
01930
01932
01934
01935
01936
01937
01941
01942
01943
01944
01945
01947
01948
01949
01952
01954
01955
01957
01959
01961
01964
01965
01966
01967
01968
01969
01971
01972
01974
01976
01978
01979
01981
01982
01984
01985
01986
01990
01993
01994
01995
01996
01997
01999
02001
02003
02004
02005
02006
02007
02008
02009
02010
02012
02013
02014
02015
02016
02018
02019
02020
02021
02023
02025
02026
02027
02028
02032
02036
02037
02038
02040
02041
02042
02043
02044
02045
02047
02048
02049
02050
02051
02055
02056
02057
02059
02060
02061
02062
02063
02065
02067
02068
02069
02070
02071
02072
02075
02076
02077
02078
02079
02080
02082
02085
02087
02088
02089
02091
02092
02093
02095
02097
02098
02099
02102
02104
02105
02106
02107
02109
02110
02112
02115
02116
02122
02123
02124
02126
02127
02128
02129
02130
02131
02132
02133
02134
02135
02136
02138
02139
02140
02141
02142
02143
02145
02146
02147
02149
02150
02152
02153
02154
02156
02159
02161
02162
02163
02164
02165
02166
02168
02171
02172
02174
02175
02176
02177
02179
02180
02183
02185
02187
02188
02189
02190
02191
02192
02193
02194
02195
02196
02198
02200
02202
02203
02204
02205
02206
02209
02212
02214
02215
02216
02217
02218
02220
02221
02223
02225
02228
02229
02230
02231
02232
02235
02236
02238
02240
02242
02243
02244
02246
02247
02249
02250
02251
02252
02254
02255
02258
02260
02261
02262
02263
02264
02265
02266
02267
02268
02269
02270
02274
02275
02277
02279
02281
02284
02287
02288
02290
02291
02293
02294
02295
02296
02297
02298
02300
02302
02303
02304
02305
02307
02308
02309
02312
02313
02315
02316
02317
02318
02319
02320
02321
02322
02323
02324
02325
02327
02329
02331
02333
02334
02335
02336
02337
02340
02341
02342
02343
02344
02346
02348
02350
02351
02352
02353
02354
02355
02357
02358
02361
02363
02364
02365
02367
02368
02373
02374
02375
02376
02378
02380
02383
02384
02386
02388
02389
02391
02393
02394
02395
02396
02397
02399
02400
02401
02402
02404
02405
02406
02407
02408
02409
02410
02411
02412
02413
02415
02416
02417
02420
02423
02424
02425
02426
02428
02430
02431
02434
02436
02437
02438
02439
02440
02441
02443
02444
02450
02451
02452
02453
02454
02455
02456
02457
02458
02460
02461
02462
02463
02464
02465
02466
02467
02468
02470
02472
02473
02474
02475
02476
02477
02478
02479
02481
02482
02483
02485
02486
02487
02489
02490
02491
02493
02494
02495
02496
02497
02499
02502
02503
02504
02505
02506
02508
02509
02510
02513
02514
02515
02516
02517
02521
02522
02524
02526
02527
02530
02532
02533
02534
02535
02537
02538
02539
02540
02542
02544
02547
02548
02549
02552
02553
02554
02555
02556
02558
02560
02561
02562
02565
02567
02568
02569
02570
02571
02572
02573
02574
02577
02578
02581
02582
02583
02585
02586
02587
02589
02590
02591
02595
02599
02600
02601
02602
02604
02605
02606
02608
02609
02613
02615
02616
02617
02618
02619
02621
02622
02623
02624
02625
02626
02627
02629
02630
02631
02632
02633
02634
02635
02636
02637
02638
02639
02640
02642
02646
02649
02650
02651
02652
02653
02654
02658
02659
02660
02661
02662
02663
02664
02665
02666
02669
02670
02672
02673
02674
02675
02676
02677
02678
02679
02681
02682
02683
02684
02685
02687
02688
02690
02693
02694
02695
02697
02698
02699
02700
02701
02702
02704
02705
02710
02712
02715
02716
02718
02719
02720
02721
02722
02723
02724
02725
02726
02729
02730
02732
02734
02735
02736
02737
02739
02740
02741
02742
02743
02744
02745
02746
02747
02749
02751
02752
02753
02754
02755
02756
02757
02758
02759
02760
02762
02763
02765
02766
02767
02768
02769
02770
02771
02774
02777
02778
02779
02780
02781
02783
02784
02786
02787
02788
02789
02791
02792
02793
02794
02795
02796
02802
02803
02804
02805
02810
02811
02813
02814
02817
02819
02820
02821
02824
02826
02827
02828
02829
02831
02833
02835
02838
02840
02842
02845
02847
02848
02849
02850
02853
02854
02856
02857
02858
02863
02864
02868
02871
02872
02873
02877
02879
02880
02881
02883
02885
02886
02889
02891
02892
02894
02896
02898
02900
02901
02902
02904
02905
02906
02907
02908
02909
02910
02912
02913
02914
02917
02918
02921
02922
02924
02925
02927
02928
02930
02931
02932
02933
02934
02935
02936
02937
02938
02940
02943
02944
02945
02946
02947
02948
02950
02951
02952
02955
02957
02959
02960
02961
02962
02963
02964
02965
02967
02968
02969
02972
02974
02976
02977
02978
02979
02980
02983
02986
02987
02988
02989
02992
02993
02995
02996
02999
03001
03003
03004
03007
03009
03010
03011
03012
03014
03015
03016
03017
03018
03020
03021
03022
03023
03025
03027
03028
03029
03030
03032
03033
03034
03035
03036
03037
03038
03039
03040
03041
03042
03043
03045
03046
03047
03049
03051
03052
03053
03055
03056
03058
03060
03061
03062
03065
03066
03067
03069
03070
03071
03077
03078
03079
03080
03082
03083
03084
03085
03086
03088
03090
03093
03095
03096
03098
03099
03101
03102
03104
03105
03106
03108
03111
03113
03115
03116
03121
03127
03128
03129
03130
03132
03133
03137
03138
03140
03141
03142
03143
03144
03145
03146
03147
03148
03149
03151
03152
03153
03154
03155
03157
03160
03161
03162
03163
03164
03165
03166
03167
03168
03169
03170
03171
03173
03174
03175
03177
03178
03180
03182
03183
03185
03186
03188
03189
03190
03191
03193
03194
03195
03196
03197
03198
03201
03202
03205
03209
03210
03211
03212
03215
03216
03217
03218
03221
03223
03224
03226
03227
03228
03229
03230
03231
03232
03233
03234
03236
03237
03238
03239
03245
03246
03248
03249
03250
03252
03256
03258
03259
03260
03261
03262
03263
03264
03266
03267
03268
03271
03272
03273
03275
03277
03278
03279
03281
03282
03283
03284
03285
03286
03288
03290
03291
03294
03295
03296
03298
03300
03301
03303
03304
03305
03307
03308
03309
03310
03311
03312
03314
03317
03318
03319
03320
03321
03323
03324
03326
03328
03330
03331
03332
03333
03334
03335
03336
03337
03341
03342
03343
03345
03346
03347
03348
03349
03352
03354
03355
03356
03357
03359
03360
03361
03363
03364
03365
03367
03370
03371
03372
03374
03375
03377
03379
03380
03381
03382
03383
03385
03386
03387
03389
03390
03391
03392
03395
03397
03398
03400
03401
03403
03404
03406
03407
03408
03410
03411
03412
03413
03415
03416
03417
03418
03419
03420
03421
03422
03425
03426
03427
03428
03429
03430
03431
03432
03433
03439
03441
03442
03443
03444
03445
03446
03447
03448
03449
03451
03452
03453
03455
03457
03459
03460
03463
03466
03468
03469
03471
03473
03474
03475
03479
03480
03481
03482
03483
03485
03486
03487
03489
03491
03492
03493
03494
03495
03503
03504
03507
03508
03509
03510
03511
03512
03514
03515
03516
03518
03519
03520
03521
03523
03526
03527
03528
03529
03530
03531
03533
03534
03535
03537
03538
03539
03540
03541
03542
03543
03546
03547
03549
03550
03551
03552
03554
03555
03556
03557
03558
03559
03560
03561
03562
03563
03564
03565
03566
03567
03568
03569
03571
03573
03575
03576
03578
03579
03581
03583
03584
03585
03586
03587
03589
03590
03591
03592
03593
03596
03598
03600
03601
03602
03603
03604
03605
03606
03607
03608
03610
03612
03613
03617
03619
03620
03621
03622
03623
03624
03626
03629
03630
03631
03632
03635
03636
03637
03638
03640
03642
03643
03644
03646
03650
03651
03652
03654
03655
03656
03657
03658
03660
03661
03662
03663
03664
03665
03667
03668
03670
03671
03673
03674
03676
03677
03678
03680
03682
03683
03684
03686
03687
03689
03690
03692
03693
03694
03695
03696
03697
03699
03701
03702
03703
03705
03706
03707
03710
03711
03712
03713
03715
03716
03717
03718
03719
03720
03721
03722
03726
03727
03729
03730
03731
03733
03734
03737
03738
03739
03740
03741
03742
03743
03744
03745
03746
03747
03748
03753
03755
03756
03758
03759
03760
03761
03763
03764
03765
03767
03768
03769
03770
03771
03772
03773
03774
03775
03778
03779
03780
03781
03782
03783
03784
03785
03787
03788
03789
03790
03793
03795
03796
03797
03798
03799
03801
03803
03804
03806
03807
03809
03811
03812
03813
03814
03817
03818
03819
03822
03824
03825
03826
03827
03831
03833
03834
03835
03836
03837
03838
03839
03841
03842
03843
03844
03845
03846
03849
03850
03851
03852
03853
03854
03855
03856
03857
03858
03859
03862
03863
03864
03865
03866
03868
03869
03871
03872
03874
03875
03876
03877
03878
03879
03880
03881
03882
03883
03884
03885
03886
03887
03889
03890
03892
03894
03896
03897
03898
03902
03903
03904
03906
03907
03908
03910
03911
03913
03914
03915
03916
03917
03919
03920
03923
03924
03925
03926
03928
03929
03930
03931
03932
03933
03934
03935
03937
03939
03940
03941
03942
03943
03944
03945
03946
03947
03948
03949
03950
03951
03953
03954
03955
03957
03961
03963
03964
03965
03966
03967
03968
03969
03970
03971
03973
03975
03976
03977
03978
03979
03980
03982
03984
03985
03986
03988
03990
03991
03992
03993
03995
03996
03997
03998
03999
04001
04002
04003
04004
04005
04006
04007
04008
04011
04012
04013
04014
04015
04016
04018
04019
04022
04023
04024
04026
04027
04028
04029
04030
04032
04033
04034
04036
04038
04039
04040
04041
04042
04043
04046
04047
04048
04049
04050
04052
04053
04054
04055
04056
04057
04058
04060
04061
04062
04063
04064
04065
04066
04067
04068
04075
04076
04077
04080
04081
04082
04083
04084
04085
04087
04089
04090
04091
04092
04093
04094
04095
04096
04098
04099
04102
04104
04105
04108
04109
04110
04111
04112
04113
04115
04116
04117
04121
04123
04124
04125
04126
04127
04128
04129
04130
04131
04132
04133
04134
04135
04136
04138
04140
04141
04142
04143
04144
04145
04148
04150
04151
04152
04154
04155
04157
04158
04160
04161
04164
04165
04166
04168
04169
04170
04172
04173
04174
04175
04176
04178
04180
04182
04183
04184
04185
04186
04187
04188
04189
04190
04191
04194
04195
04198
04199
04200
04201
04203
04204
04205
04208
04210
04211
04212
04213
04214
04217
04218
04219
04220
04221
04222
04223
04224
04225
04226
04228
04229
04230
04232
04233
04234
04235
04236
04237
04239
04240
04241
04243
04245
04246
04248
04249
04250
04252
04253
04255
04256
04259
04260
04261
04262
04263
04268
04269
04270
04274
04275
04277
04280
04281
04282
04283
04284
04287
04290
04291
04292
04293
04294
04295
04296
04297
04300
04302
04304
04305
04306
04307
04312
04313
04315
04316
04317
04318
04320
04322
04323
04324
04325
04326
04327
04329
04331
04332
04333
04334
04335
04336
04337
04338
04339
04340
04341
04342
04344
04346
04347
04349
04350
04351
04353
04354
04355
04356
04357
04358
04359
04360
04362
04364
04368
04370
04371
04373
04374
04376
04377
04378
04381
04383
04384
04385
04387
04388
04389
04392
04393
04395
04396
04397
04398
04399
04401
04403
04404
04405
04407
04408
04409
04410
04411
04412
04413
04414
04416
04418
04420
04421
04422
04424
04426
04427
04428
04429
04430
04432
04433
04434
04435
04436
04437
04441
04442
04443
04444
04445
04446
04447
04448
04449
04450
04451
04453
04458
04460
04461
04462
04463
04464
04465
04466
04468
04470
04471
04472
04473
04474
04478
04479
04480
04481
04482
04483
04485
04486
04489
04490
04491
04492
04493
04494
04495
04496
04497
04498
04499
04502
04503
04504
04505
04506
04507
04508
04509
04513
04514
04515
04517
04520
04521
04522
04523
04524
04526
04527
04528
04532
04534
04535
04536
04538
04539
04541
04543
04544
04545
04546
04547
04548
04550
04552
04554
04555
04556
04557
04558
04559
04561
04562
04563
04564
04566
04568
04569
04572
04573
04576
04577
04578
04580
04581
04582
04583
04584
04585
04587
04588
04589
04590
04593
04595
04596
04597
04598
04599
04600
04601
04602
04603
04605
04607
04608
04609
04610
04611
04613
04615
04616
04617
04618
04619
04620
04621
04622
04623
04624
04626
04627
04629
04631
04632
04633
04635
04636
04638
04641
04642
04643
04645
04646
04647
04649
04650
04651
04652
04653
04654
04656
04659
04660
04661
04663
04666
04669
04672
04674
04675
04676
04677
04678
04679
04680
04682
04684
04685
04687
04690
04691
04692
04693
04694
04695
04696
04702
04703
04704
04705
04706
04707
04708
04709
04710
04713
04714
04716
04717
04718
04719
04720
04722
04723
04726
04727
04728
04729
04730
04732
04733
04736
04737
04738
04739
04740
04741
04742
04745
04746
04747
04748
04752
04754
04756
04759
04760
04764
04765
04766
04767
04768
04769
04770
04771
04773
04774
04777
04778
04779
04780
04782
04783
04784
04785
04787
04788
04790
04792
04794
04795
04796
04797
04798
04799
04800
04801
04802
04803
04804
04806
04807
04808
04809
04810
04812
04813
04814
04815
04816
04818
04819
04820
04821
04823
04826
04827
04829
04830
04831
04833
04835
04836
04838
04839
04841
04842
04843
04844
04845
04847
04848
04849
04850
04851
04852
04853
04854
04856
04860
04862
04867
04870
04871
04872
04873
04874
04875
04876
04878
04880
04882
04883
04885
04887
04888
04889
04890
04891
04892
04893
04894
04895
04897
04898
04899
04901
04903
04904
04905
04906
04908
04909
04910
04911
04912
04913
04914
04915
04918
04920
04921
04925
04926
04927
04929
04930
04932
04933
04934
04936
04937
04939
04940
04941
04943
04945
04946
04947
04948
04949
04950
04951
04952
04954
04956
04957
04959
04960
04961
04962
04963
04965
04968
04969
04970
04974
04975
04976
04977
04978
04979
04980
04981
04982
04983
04987
04988
04989
04991
04992
04995
04996
04997
04998
05000
05002
05004
05005
05007
05008
05010
05011
05012
05015
05016
05017
05018
05019
05020
05021
05022
05024
05026
05027
05028
05030
05033
05034
05037
05038
05039
05040
05041
05042
05043
05044
05045
05046
05047
05048
05049
05051
05052
05053
05054
05055
05056
05057
05058
05059
05061
05062
05064
05065
05066
05068
05069
05070
05071
05072
05074
05075
05077
05078
05079
05080
05081
05082
05083
05084
05085
05086
05088
05089
05090
05091
05092
05093
05094
05096
05100
05101
05103
05104
05105
05106
05107
05108
05110
05111
05113
05114
05115
05117
05118
05119
05121
05123
05124
05125
05126
05128
05129
05130
05132
05134
05136
05137
05138
05141
05144
05147
05148
05149
05150
05151
05152
05155
05157
05159
05161
05162
05163
05164
05165
05167
05168
05169
05170
05171
05172
05174
05175
05176
05177
05179
05180
05181
05182
05183
05184
05186
05187
05188
05191
05192
05194
05196
05197
05199
05200
05201
05202
05203
05204
05205
05207
05208
05209
05210
05211
05212
05213
05214
05215
05216
05217
05218
05219
05220
05221
05227
05228
05229
05230
05231
05234
05235
05236
05237
05238
05239
05240
05242
05243
05244
05245
05248
05250
05253
05255
05257
05259
05260
05261
05264
05266
05268
05269
05270
05271
05272
05274
05276
05277
05278
05280
05281
05282
05283
05285
05286
05289
05291
05293
05294
05295
05299
05300
05301
05304
05305
05306
05307
05308
05309
05312
05313
05314
05316
05321
05322
05323
05325
05327
05330
05331
05332
05333
05334
05335
05337
05339
05340
05341
05344
05347
05348
05350
05352
05353
05354
05355
05356
05357
05359
05361
05362
05363
05364
05366
05367
05368
05369
05371
05372
05373
05375
05376
05377
05378
05379
05380
05382
05383
05384
05385
05386
05388
05389
05390
05393
05394
05396
05397
05398
05399
05400
05401
05402
05403
05405
05407
05409
05410
05411
05412
05415
05416
05417
05418
05419
05423
05424
05425
05426
05427
05428
05429
05430
05431
05432
05433
05435
05437
05438
05439
05440
05442
05443
05444
05446
05447
05450
05451
05452
05453
05455
05456
05457
05458
05459
05461
05463
05464
05466
05467
05469
05472
05474
05476
05478
05479
05480
05481
05483
05484
05485
05487
05488
05489
05490
05491
05492
05493
05494
05496
05497
05500
05501
05502
05504
05505
05506
05508
05509
05510
05511
05512
05514
05515
05516
05517
05519
05520
05521
05522
05523
05524
05525
05526
05528
05529
05531
05532
05535
05538
05539
05540
05541
05542
05545
05548
05554
05556
05557
05559
05560
05561
05562
05564
05565
05569
05571
05572
05573
05575
05576
05578
05579
05580
05581
05582
05584
05585
05587
05588
05589
05590
05591
05592
05593
05594
05595
05596
05598
05599
05600
05602
05604
05607
05608
05610
05611
05612
05613
05614
05615
05616
05617
05619
05620
05621
05622
05623
05624
05625
05626
05627
05628
05629
05630
05631
05634
05635
05637
05638
05640
05641
05642
05643
05644
05646
05647
05648
05649
05650
05651
05652
05653
05654
05660
05662
05663
05665
05668
05669
05671
05673
05674
05675
05676
05678
05679
05680
05681
05682
05683
05685
05686
05689
05696
05698
05700
05701
05702
05703
05704
05705
05706
05708
05711
05714
05715
05716
05718
05719
05720
05721
05722
05723
05724
05725
05726
05727
05729
05730
05732
05733
05734
05740
05741
05743
05744
05746
05748
05749
05750
05752
05753
05755
05756
05758
05759
05760
05761
05763
05765
05768
05769
05771
05772
05773
05774
05775
05776
05777
05778
05779
05780
05781
05782
05784
05786
05787
05788
05789
05790
05792
05793
05794
05795
05796
05798
05799
05801
05804
05806
05807
05808
05809
05811
05812
05814
05816
05817
05819
05823
05824
05826
05827
05829
05831
05832
05833
05834
05835
05836
05837
05838
05840
05841
05844
05846
05847
05848
05849
05850
05851
05852
05855
05856
05858
05859
05860
05863
05864
05865
05866
05867
05868
05870
05871
05873
05874
05875
05877
05882
05883
05884
05885
05886
05887
05888
05889
05890
05891
05892
05894
05895
05897
05898
05899
05900
05902
05904
05905
05908
05912
05913
05914
05915
05916
05917
05918
05919
05921
05922
05923
05924
05925
05926
05928
05929
05930
05931
05932
05933
05934
05935
05936
05938
05939
05942
05943
05950
05951
05953
05954
05955
05957
05958
05959
05962
05963
05964
05965
05966
05967
05968
05969
05971
05972
05973
05974
05975
05976
05977
05979
05980
05981
05983
05984
05985
05986
05987
05988
05989
05990
05991
05993
05994
05995
05998
05999
06001
06002
06003
06005
06007
06008
06010
06014
06015
06017
06019
06021
06023
06025
06026
06027
06029
06030
06031
06033
06034
06036
06037
06038
06039
06040
06045
06047
06049
06051
06052
06053
06054
06055
06057
06058
06059
06060
06063
06064
06065
06068
06069
06070
06074
06076
06077
06078
06079
06082
06083
06084
06085
06086
06088
06089
06090
06091
06092
06094
06096
06097
06098
06099
06100
06101
06102
06104
06107
06108
06112
06113
06115
06120
06121
06122
06124
06125
06126
06127
06128
06131
06132
06133
06134
06136
06138
06139
06140
06143
06144
06145
06146
06148
06149
06150
06151
06152
06154
06155
06157
06159
06160
06161
06163
06164
06165
06166
06167
06168
06170
06171
06172
06173
06174
06175
06176
06177
06178
06180
06181
06184
06185
06186
06187
06189
06192
06193
06194
06195
06196
06197
06199
06201
06202
06203
06204
06205
06208
06210
06211
06213
06214
06215
06216
06218
06219
06221
06222
06223
06224
06225
06226
06231
06232
06233
06234
06235
06236
06239
06240
06241
06242
06243
06245
06247
06248
06249
06250
06251
06253
06254
06255
06256
06257
06259
06260
06261
06262
06264
06266
06268
06269
06270
06271
06272
06273
06274
06275
06277
06278
06280
06281
06282
06283
06284
06285
06286
06290
06291
06292
06293
06294
06295
06297
06300
06305
06307
06308
06309
06310
06311
06312
06313
06314
06316
06318
06319
06320
06321
06322
06323
06324
06327
06328
06330
06331
06333
06336
06337
06338
06342
06343
06344
06345
06346
06347
06348
06349
06352
06353
06354
06355
06357
06358
06359
06360
06361
06362
06363
06365
06366
06367
06368
06369
06371
06375
06376
06377
06378
06380
06381
06382
06383
06385
06386
06387
06388
06392
06393
06394
06395
06399
06400
06401
06403
06404
06405
06406
06407
06408
06409
06410
06411
06412
06413
06415
06416
06417
06418
06419
06420
06422
06423
06424
06427
06429
06430
06432
06433
06434
06435
06438
06440
06441
06442
06443
06444
06447
06449
06450
06451
06455
06457
06458
06459
06460
06461
06463
06464
06465
06467
06468
06469
06470
06471
06474
06475
06476
06479
06481
06482
06484
06486
06488
06489
06490
06491
06492
06493
06494
06495
06496
06497
06498
06500
06502
06504
06505
06506
06507
06509
06510
06511
06512
06514
06515
06516
06518
06521
06522
06523
06525
06526
06528
06529
06530
06531
06533
06535
06536
06537
06538
06539
06540
06541
06542
06543
06544
06547
06548
06549
06550
06551
06552
06553
06554
06555
06557
06558
06559
06560
06561
06562
06563
06568
06570
06571
06573
06574
06575
06577
06578
06579
06581
06583
06584
06585
06588
06589
06590
06591
06592
06593
06594
06596
06597
06598
06600
06603
06604
06605
06606
06608
06609
06610
06613
06614
06615
06616
06617
06618
06619
06620
06621
06623
06625
06627
06630
06631
06633
06634
06636
06638
06640
06641
06642
06643
06644
06645
06646
06648
06649
06650
06652
06653
06654
06655
06656
06657
06658
06659
06662
06664
06665
06666
06667
06669
06670
06673
06674
06675
06676
06677
06679
06680
06681
06683
06685
06686
06688
06694
06695
06696
06697
06699
06700
06701
06702
06703
06704
06705
06706
06707
06710
06711
06712
06713
06714
06716
06717
06719
06721
06723
06724
06725
06727
06728
06729
06731
06732
06733
06734
06735
06738
06741
06744
06745
06746
06748
06749
06753
06754
06755
06758
06760
06761
06762
06763
06764
06766
06768
06769
06770
06771
06772
06773
06774
06775
06776
06778
06779
06780
06781
06782
06784
06785
06787
06788
06789
06790
06791
06793
06794
06795
06796
06798
06800
06801
06803
06804
06805
06806
06807
06809
06811
06812
06813
06815
06816
06817
06818
06819
06820
06821
06822
06823
06824
06825
06828
06829
06830
06835
06836
06837
06840
06841
06845
06846
06847
06848
06849
06852
06853
06855
06856
06857
06859
06860
06861
06862
06863
06864
06865
06866
06867
06869
06870
06871
06873
06875
06877
06878
06879
06880
06881
06882
06883
06885
06889
06890
06892
06893
06895
06898
06901
06902
06903
06905
06906
06907
06908
06909
06910
06911
06916
06918
06921
06923
06926
06928
06930
06931
06934
06935
06936
06937
06938
06940
06941
06942
06943
06945
06948
06950
06951
06954
06955
06957
06958
06960
06961
06963
06967
06969
06970
06972
06973
06974
06977
06978
06980
06982
06983
06985
06986
06988
06989
06991
06992
06993
06994
06995
06996
06997
06998
07000
07001
07003
07004
07005
07006
07009
07013
07014
07016
07018
07019
07020
07021
07023
07025
07026
07029
07031
07034
07035
07036
07037
07038
07039
07040
07041
07043
07045
07046
07047
07048
07049
07050
07052
07053
07061
07065
07066
07067
07069
07070
07071
07072
07073
07074
07075
07076
07078
07079
07081
07083
07084
07085
07086
07087
07088
07089
07090
07093
07094
07095
07097
07098
07099
07100
07101
07102
07103
07104
07105
07106
07107
07108
07109
07111
07112
07113
07114
07116
07118
07119
07122
07124
07125
07126
07127
07128
07131
07132
07133
07135
07137
07138
07140
07143
07144
07145
07146
07147
07149
07152
07154
07156
07157
07159
07160
07162
07163
07164
07165
07167
07168
07169
07170
07171
07172
07173
07174
07175
07176
07179
07180
07181
07183
07184
07185
07186
07188
07189
07190
07191
07192
07193
07196
07198
07199
07200
07201
07203
07205
07206
07207
07208
07209
07211
07212
07213
07215
07218
07221
07222
07223
07224
07225
07226
07227
07228
07230
07231
07232
07235
07236
07237
07238
07239
07241
07242
07243
07246
07247
07248
07249
07251
07252
07253
07254
07257
07258
07259
07261
07264
07265
07266
07268
07272
07273
07274
07275
07276
07278
07279
07280
07281
07283
07284
07285
07286
07287
07288
07289
07290
07292
07293
07295
07297
07300
07301
07303
07305
07307
07308
07312
07313
07314
07317
07318
07319
07320
07321
07322
07323
07324
07325
07326
07327
07328
07329
07330
07331
07332
07333
07334
07335
07337
07338
07339
07340
07341
07342
07343
07344
07345
07346
07348
07349
07352
07353
07354
07355
07356
07357
07358
07359
07362
07363
07364
07366
07367
07368
07369
07370
07371
07373
07374
07376
07377
07378
07379
07380
07381
07383
07384
07387
07390
07392
07393
07394
07395
07396
07399
07401
07402
07403
07404
07406
07409
07411
07412
07413
07414
07415
07416
07417
07418
07420
07421
07422
07425
07426
07427
07429
07431
07432
07433
07434
07437
07439
07440
07441
07442
07443
07444
07445
07446
07447
07448
07449
07450
07451
07453
07454
07455
07456
07458
07459
07460
07461
07462
07463
07464
07465
07466
07468
07469
07470
07471
07472
07473
07474
07477
07479
07480
07483
07484
07486
07487
07488
07489
07491
07494
07495
07498
07500
07503
07504
07505
07506
07508
07509
07510
07511
07512
07513
07514
07515
07516
07518
07519
07522
07523
07524
07526
07527
07528
07529
07531
07533
07534
07535
07537
07538
07539
07540
07541
07543
07544
07545
07547
07548
07549
07550
07551
07554
07555
07557
07558
07559
07561
07562
07563
07564
07565
07566
07568
07569
07572
07573
07574
07575
07576
07577
07578
07579
07581
07582
07583
07584
07585
07587
07588
07589
07591
07592
07593
07595
07597
07598
07601
07604
07605
07606
07608
07609
07613
07614
07615
07618
07620
07621
07622
07623
07624
07625
07626
07627
07628
07630
07632
07633
07634
07635
07636
07637
07639
07642
07643
07644
07647
07648
07651
07653
07654
07657
07658
07659
07660
07661
07662
07663
07664
07665
07666
07668
07669
07670
07671
07672
07673
07674
07675
07676
07677
07678
07679
07682
07683
07689
07690
07691
07693
07694
07695
07696
07698
07699
07701
07702
07703
07704
07705
07706
07707
07709
07710
07711
07712
07714
07715
07716
07717
07719
07720
07723
07724
07726
07729
07730
07731
07733
07734
07735
07736
07737
07738
07739
07740
07742
07745
07746
07747
07748
07749
07753
07756
07757
07758
07760
07763
07764
07765
07766
07767
07768
07769
07770
07772
07773
07774
07775
07776
07777
07778
07779
07780
07782
07783
07785
07786
07787
07788
07789
07790
07791
07792
07793
07796
07798
07800
07801
07802
07803
07805
07806
07807
07808
07809
07811
07812
07813
07818
07820
07821
07822
07823
07824
07825
07826
07828
07829
07830
07834
07835
07836
07837
07838
07839
07840
07841
07842
07843
07845
07846
07847
07848
07849
07850
07851
07852
07853
07855
07857
07858
07859
07861
07862
07863
07864
07866
07867
07869
07870
07874
07876
07880
07882
07883
07884
07885
07886
07887
07888
07889
07890
07896
07897
07898
07903
07905
07906
07907
07908
07909
07910
07912
07913
07914
07915
07916
07917
07918
07919
07920
07921
07923
07924
07926
07927
07928
07930
07931
07932
07933
07934
07936
07937
07938
07939
07940
07942
07943
07944
07945
07946
07947
07948
07950
07951
07952
07953
07955
07956
07961
07964
07965
07966
07967
07968
07969
07970
07971
07972
07973
07975
07976
07978
07979
07982
07983
07986
07987
07988
07989
07990
07991
07992
07993
07994
07995
07997
07998
08000
08001
08003
08004
08005
08010
08011
08013
08015
08016
08017
08018
08019
08020
08021
08022
08023
08024
08025
08029
08030
08031
08032
08034
08035
08036
08039
08040
08041
08043
08046
08052
08054
08055
08056
08060
08062
08063
08064
08065
08066
08067
08073
08074
08075
08076
08077
08078
08079
08082
08083
08084
08085
08086
08087
08088
08089
08091
08092
08093
08094
08095
08096
08097
08098
08100
08101
08102
08103
08104
08105
08106
08108
08109
08111
08116
08117
08118
08119
08121
08122
08124
08126
08127
08128
08129
08130
08132
08133
08134
08135
08136
08138
08140
08141
08142
08144
08145
08146
08147
08148
08149
08150
08151
08152
08153
08154
08156
08157
08158
08159
08160
08161
08162
08163
08164
08165
08166
08167
08168
08169
08170
08171
08172
08173
08174
08175
08176
08178
08179
08180
08181
08182
08183
08184
08185
08187
08188
08189
08191
08193
08194
08195
08196
08197
08199
08200
08201
08202
08203
08204
08205
08206
08208
08209
08210
08212
08213
08214
08215
08218
08219
08220
08222
08225
08227
08228
08229
08230
08232
08233
08234
08235
08236
08237
08239
08241
08242
08243
08245
08246
08247
08248
08249
08250
08251
08252
08255
08256
08257
08258
08260
08261
08263
08264
08265
08267
08269
08270
08271
08273
08275
08276
08277
08278
08279
08280
08281
08282
08283
08284
08287
08288
08289
08290
08291
08292
08293
08296
08298
08300
08301
08305
08306
08307
08308
08309
08310
08311
08313
08314
08316
08317
08318
08319
08320
08321
08322
08323
08325
08326
08329
08331
08332
08333
08334
08335
08336
08337
08338
08339
08341
08342
08343
08344
08345
08349
08350
08351
08352
08355
08357
08358
08360
08361
08362
08363
08364
08365
08367
08368
08369
08371
08372
08373
08374
08376
08377
08378
08379
08380
08381
08382
08385
08388
08390
08391
08392
08395
08396
08398
08399
08400
08401
08402
08403
08404
08405
08407
08411
08413
08414
08417
08418
08419
08421
08422
08423
08424
08425
08426
08427
08431
08432
08433
08434
08435
08438
08439
08440
08441
08442
08443
08444
08445
08446
08448
08450
08451
08453
08454
08455
08457
08458
08459
08461
08463
08464
08465
08467
08468
08469
08470
08471
08472
08473
08474
08475
08476
08477
08480
08481
08482
08485
08487
08488
08489
08491
08492
08495
08497
08498
08499
08500
08501
08502
08503
08504
08507
08509
08511
08512
08513
08515
08517
08518
08520
08521
08522
08523
08524
08525
08526
08527
08528
08530
08531
08532
08533
08534
08535
08536
08541
08542
08543
08547
08548
08549
08550
08551
08553
08554
08555
08557
08558
08559
08560
08561
08562
08563
08564
08565
08568
08569
08571
08572
08573
08574
08576
08577
08579
08580
08581
08583
08584
08585
08588
08589
08590
08592
08593
08594
08595
08598
08599
08600
08601
08602
08603
08604
08606
08610
08611
08612
08614
08615
08616
08619
08620
08621
08623
08624
08626
08628
08629
08630
08632
08633
08634
08635
08636
08637
08638
08640
08641
08643
08644
08646
08647
08649
08650
08652
08653
08654
08655
08656
08657
08658
08659
08660
08661
08664
08665
08667
08668
08669
08670
08671
08672
08673
08674
08675
08679
08680
08685
08687
08689
08690
08692
08693
08695
08696
08697
08699
08700
08702
08703
08704
08705
08706
08707
08708
08709
08710
08711
08712
08713
08714
08715
08716
08717
08718
08719
08721
08722
08723
08724
08725
08726
08727
08728
08729
08731
08732
08733
08735
08738
08739
08741
08742
08745
08746
08747
08749
08750
08751
08752
08753
08755
08757
08759
08760
08763
08764
08765
08766
08768
08769
08770
08771
08772
08773
08775
08776
08777
08779
08780
08781
08782
08783
08784
08786
08787
08789
08790
08792
08794
08796
08797
08799
08800
08802
08803
08806
08807
08808
08809
08810
08811
08812
08814
08815
08816
08818
08819
08820
08821
08822
08824
08826
08827
08828
08829
08830
08832
08833
08834
08835
08841
08842
08843
08845
08848
08849
08851
08852
08853
08854
08855
08856
08859
08861
08863
08866
08867
08868
08869
08870
08871
08872
08873
08874
08875
08876
08879
08881
08883
08885
08887
08888
08889
08890
08891
08892
08893
08894
08895
08896
08899
08900
08902
08903
08905
08906
08907
08908
08910
08911
08912
08913
08914
08917
08918
08919
08920
08921
08923
08925
08926
08929
08931
08932
08934
08936
08937
08938
08939
08940
08941
08942
08945
08946
08947
08949
08950
08952
08953
08954
08956
08957
08959
08960
08962
08965
08966
08967
08968
08969
08971
08972
08974
08975
08976
08977
08978
08979
08980
08981
08982
08983
08984
08985
08987
08988
08989
08991
08992
08997
08999
09000
09001
09003
09004
09005
09006
09007
09008
09009
09012
09013
09014
09015
09016
09017
09018
09021
09022
09023
09024
09025
09027
09028
09031
09033
09034
09035
09036
09038
09039
09040
09041
09043
09045
09046
09047
09048
09049
09050
09051
09052
09054
09056
09057
09058
09059
09060
09061
09063
09064
09066
09067
09068
09069
09070
09072
09074
09075
09076
09077
09078
09079
09080
09081
09084
09085
09086
09087
09088
09089
09090
09091
09094
09095
09098
09099
09100
09103
09104
09105
09110
09112
09113
09115
09116
09117
09118
09120
09121
09122
09124
09125
09126
09127
09128
09129
09131
09132
09133
09134
09135
09136
09137
09139
09140
09141
09142
09145
09146
09148
09149
09150
09152
09153
09154
09155
09157
09158
09159
09160
09161
09162
09163
09164
09165
09166
09167
09168
09169
09170
09171
09172
09173
09174
09175
09176
09178
09180
09181
09182
09183
09184
09186
09187
09189
09190
09191
09193
09198
09199
09200
09201
09202
09204
09205
09206
09207
09210
09211
09212
09213
09215
09217
09218
09221
09222
09223
09224
09225
09226
09227
09228
09230
09231
09232
09233
09234
09235
09236
09237
09238
09239
09240
09241
09242
09244
09246
09247
09248
09250
09252
09253
09254
09255
09256
09258
09259
09260
09261
09262
09263
09264
09265
09267
09268
09269
09270
09272
09273
09274
09277
09278
09279
09280
09281
09282
09283
09284
09285
09286
09287
09288
09289
09292
09294
09295
09296
09297
09298
09299
09300
09301
09303
09304
09305
09306
09309
09310
09312
09313
09314
09315
09316
09317
09318
09319
09320
09321
09322
09323
09324
09325
09327
09329
09330
09331
09332
09333
09334
09335
09336
09338
09339
09341
09342
09343
09344
09346
09347
09348
09349
09350
09351
09354
09356
09357
09358
09359
09362
09363
09364
09365
09366
09367
09368
09369
09372
09373
09375
09377
09381
09382
09383
09384
09386
09387
09388
09390
09392
09393
09394
09397
09398
09401
09403
09411
09412
09413
09414
09415
09416
09418
09419
09420
09421
09422
09426
09427
09428
09429
09430
09431
09432
09433
09435
09436
09438
09441
09442
09443
09445
09446
09447
09448
09449
09450
09451
09452
09453
09455
09456
09457
09458
09459
09460
09462
09463
09464
09466
09468
09469
09471
09472
09473
09474
09475
09476
09477
09478
09480
09481
09482
09483
09484
09486
09489
09490
09491
09492
09493
09494
09495
09496
09497
09499
09501
09502
09504
09506
09507
09508
09509
09512
09514
09515
09516
09517
09518
09519
09520
09521
09523
09525
09526
09527
09530
09531
09532
09534
09537
09538
09539
09540
09541
09542
09543
09545
09546
09547
09548
09549
09551
09552
09553
09554
09555
09558
09559
09560
09561
09562
09563
09565
09567
09568
09571
09572
09574
09575
09576
09577
09578
09580
09581
09582
09583
09584
09585
09586
09587
09589
09590
09592
09593
09594
09596
09597
09598
09600
09601
09602
09606
09607
09611
09613
09615
09616
09617
09618
09619
09620
09621
09622
09623
09625
09626
09627
09628
09629
09630
09631
09632
09633
09634
09640
09642
09643
09644
09646
09647
09650
09652
09654
09655
09656
09657
09658
09659
09660
09661
09662
09665
09667
09668
09670
09673
09674
09675
09676
09677
09678
09681
09682
09685
09689
09690
09692
09693
09694
09695
09696
09697
09699
09700
09701
09702
09705
09707
09708
09711
09713
09714
09717
09718
09719
09721
09723
09725
09726
09731
09732
09733
09734
09735
09736
09737
09738
09739
09740
09741
09742
09743
09744
09745
09748
09750
09752
09753
09754
09755
09756
09757
09758
09759
09760
09761
09763
09764
09765
09766
09769
09770
09771
09773
09776
09779
09780
09781
09784
09787
09788
09789
09790
09791
09792
09793
09794
09795
09796
09798
09799
09800
09801
09802
09803
09804
09806
09807
09808
09810
09811
09812
09813
09814
09815
09816
09817
09818
09819
09820
09823
09824
09825
09827
09828
09829
09831
09832
09833
09834
09835
09837
09838
09839
09840
09841
09843
09844
09845
09846
09847
09848
09850
09854
09855
09856
09857
09858
09859
09860
09861
09862
09864
09866
09867
09868
09869
09870
09871
09872
09873
09874
09878
09879
09881
09883
09884
09885
09886
09887
09888
09889
09891
09892
09893
09894
09895
09896
09897
09898
09899
09901
09902
09906
09907
09908
09909
09910
09912
09914
09915
09916
09917
09918
09919
09920
09921
09922
09924
09925
09926
09928
09929
09930
09931
09934
09935
09936
09937
09938
09939
09940
09941
09942
09944
09945
09947
09948
09951
09954
09955
09956
09957
09958
09959
09960
09961
09962
09963
09965
09966
09967
09971
09972
09973
09974
09975
09976
09977
09978
09979
09980
09981
09983
09984
09985
09986
09987
09988
09989
09991
09992
09993
09994
09996
09997
09998
09999
10000
10002
10003
10005
10008
10009
10011
10013
10014
10015
10016
10017
10019
10020
10021
10023
10024
10025
10026
10028
10030
10031
10032
10034
10036
10037
10039
10040
10041
10043
10044
10045
10046
10047
10048
10049
10050
10051
10052
10053
10054
10057
10058
10059
10061
10062
10063
10064
10065
10066
10067
10068
10069
10070
10071
10072
10073
10074
10076
10077
10080
10083
10085
10086
10087
10090
10091
10092
10094
10095
10096
10098
10099
10100
10101
10104
10105
10106
10108
10109
10110
10111
10112
10113
10114
10115
10116
10117
10118
10120
10121
10122
10123
10124
10125
10126
10127
10128
10130
10132
10133
10134
10136
10137
10138
10139
10140
10141
10142
10143
10144
10145
10148
10149
10151
10154
10156
10157
10158
10159
10160
10161
10162
10165
10166
10167
10168
10169
10170
10171
10172
10173
10174
10175
10176
10177
10178
10180
10182
10183
10185
10186
10188
10189
10190
10191
10192
10194
10195
10196
10198
10199
10200
10203
10205
10207
10208
10209
10210
10211
10212
10213
10215
10216
10218
10219
10222
10223
10224
10225
10226
10228
10230
10231
10232
10233
10234
10235
10237
10239
10240
10242
10245
10246
10248
10249
10250
10251
10252
10253
10254
10257
10259
10260
10261
10262
10263
10266
10267
10269
10270
10271
10273
10275
10277
10278
10282
10283
10284
10285
10287
10288
10290
10291
10292
10293
10294
10297
10299
10300
10301
10303
10305
10307
10308
10309
10310
10311
10313
10314
10316
10318
10320
10321
10324
10325
10326
10328
10329
10330
10331
10332
10334
10335
10336
10337
10339
10342
10344
10345
10347
10348
10350
10351
10353
10354
10355
10356
10358
10361
10362
10363
10366
10367
10368
10369
10370
10371
10373
10374
10375
10378
10380
10381
10382
10383
10388
10390
10392
10393
10395
10397
10398
10399
10400
10401
10403
10405
10406
10407
10408
10409
10410
10411
10412
10413
10414
10415
10417
10418
10419
10420
10422
10423
10425
10426
10427
10428
10430
10431
10432
10433
10434
10436
10437
10438
10439
10440
10441
10443
10445
10446
10447
10448
10449
10451
10452
10453
10455
10456
10457
10458
10459
10460
10463
10464
10465
10467
10468
10469
10470
10471
10472
10473
10474
10475
10476
10477
10480
10481
10482
10485
10488
10489
10490
10491
10492
10493
10496
10497
10498
10499
10500
10502
10503
10504
10505
10506
10507
10510
10512
10514
10515
10516
10517
10518
10520
10522
10523
10524
10525
10527
10528
10529
10530
10531
10532
10535
10536
10538
10539
10540
10542
10543
10546
10548
10549
10550
10552
10553
10554
10556
10557
10558
10559
10560
10562
10563
10564
10565
10566
10567
10568
10570
10571
10573
10574
10575
10576
10578
10579
10580
10581
10583
10585
10587
10589
10590
10591
10592
10594
10595
10596
10597
10600
10602
10603
10604
10605
10606
10607
10608
10609
10612
10613
10615
10616
10617
10618
10619
10620
10621
10622
10623
10624
10625
10626
10627
10628
10629
10630
10631
10632
10634
10635
10638
10639
10640
10641
10642
10645
10647
10650
10652
10653
10654
10655
10657
10658
10659
10661
10662
10663
10667
10668
10669
10670
10671
10672
10673
10674
10675
10676
10677
10678
10679
10683
10686
10687
10688
10689
10690
10692
10693
10694
10696
10701
10702
10703
10705
10706
10709
10710
10712
10713
10716
10718
10720
10723
10724
10725
10726
10728
10729
10731
10732
10734
10735
10737
10738
10739
10740
10741
10742
10743
10745
10746
10749
10750
10751
10752
10753
10754
10756
10758
10759
10760
10761
10766
10767
10768
10771
10772
10774
10778
10779
10780
10781
10782
10784
10785
10786
10789
10790
10791
10792
10793
10794
10795
10797
10798
10801
10802
10804
10805
10807
10808
10811
10812
10813
10814
10815
10816
10817
10818
10819
10820
10822
10824
10825
10826
10827
10829
10830
10831
10832
10834
10835
10836
10837
10838
10839
10840
10841
10842
10843
10844
10845
10846
10848
10850
10851
10852
10853
10854
10855
10858
10859
10860
10861
10862
10866
10867
10868
10870
10874
10877
10878
10879
10880
10881
10882
10884
10885
10886
10887
10888
10889
10890
10891
10892
10893
10895
10896
10898
10899
10900
10902
10903
10904
10906
10907
10908
10909
10910
10911
10912
10913
10914
10915
10916
10918
10922
10923
10924
10927
10929
10932
10933
10934
10935
10937
10938
10941
10942
10943
10944
10945
10946
10947
10948
10949
10950
10953
10954
10957
10958
10961
10962
10963
10965
10967
10968
10970
10971
10973
10976
10977
10979
10980
10981
10983
10985
10986
10987
10988
10989
10991
10992
10994
10995
10996
10997
10998
10999
11000
11001
11002
11003
11004
11005
11006
11007
11008
11009
11010
11011
11012
11014
11015
11016
11017
11020
11021
11022
11023
11024
11027
11029
11030
11031
11032
11033
11036
11037
11038
11041
11043
11044
11045
11047
11048
11049
11050
11051
11052
11054
11056
11057
11058
11060
11061
11062
11063
11065
11067
11069
11070
11074
11075
11076
11077
11079
11080
11081
11082
11083
11084
11085
11086
11087
11088
11089
11090
11091
11092
11094
11096
11098
11100
11101
11102
11105
11107
11109
11111
11112
11113
11114
11115
11116
11117
11118
11119
11120
11121
11122
11123
11125
11129
11132
11137
11139
11140
11141
11142
11143
11144
11145
11148
11150
11152
11153
11154
11155
11156
11157
11158
11159
11162
11163
11164
11165
11166
11167
11168
11170
11171
11172
11173
11174
11175
11176
11177
11178
11179
11180
11181
11182
11186
11187
11189
11190
11192
11195
11196
11197
11198
11199
11200
11201
11202
11203
11204
11205
11207
11208
11209
11210
11211
11212
11214
11215
11219
11220
11221
11223
11226
11227
11229
11234
11235
11238
11239
11241
11242
11243
11244
11245
11246
11247
11248
11250
11251
11253
11254
11255
11256
11257
11258
11261
11262
11263
11264
11266
11267
11268
11269
11270
11271
11273
11274
11275
11276
11277
11280
11281
11282
11284
11285
11286
11287
11288
11290
11291
11292
11293
11295
11296
11297
11299
11302
11304
11305
11306
11307
11308
11309
11313
11314
11317
11319
11320
11323
11326
11327
11329
11331
11333
11334
11335
11336
11337
11338
11339
11341
11342
11343
11344
11345
11348
11350
11351
11352
11353
11354
11356
11358
11361
11362
11363
11364
11365
11366
11367
11370
11371
11372
11373
11374
11375
11376
11378
11379
11380
11381
11384
11385
11386
11387
11388
11390
11391
11393
11394
11396
11399
11400
11401
11406
11407
11409
11410
11411
11412
11413
11414
11415
11416
11417
11420
11421
11422
11423
11424
11425
11426
11427
11428
11430
11432
11434
11435
11439
11440
11441
11442
11444
11445
11446
11448
11449
11450
11453
11454
11455
11458
11460
11461
11462
11463
11465
11466
11467
11468
11469
11470
11472
11473
11474
11475
11476
11477
11478
11479
11480
11482
11483
11485
11486
11487
11488
11489
11490
11491
11494
11495
11496
11498
11499
11500
11501
11503
11504
11506
11507
11509
11511
11512
11513
11514
11515
11516
11517
11518
11519
11520
11522
11523
11524
11525
11527
11530
11531
11532
11533
11534
11536
11537
11538
11539
11540
11542
11543
11544
11546
11547
11548
11551
11554
11556
11558
11559
11561
11562
11565
11566
11567
11570
11572
11573
11574
11575
11577
11578
11581
11582
11584
11588
11590
11591
11593
11600
11602
11603
11604
11606
11607
11608
11610
11611
11613
11614
11615
11616
11617
11618
11619
11620
11621
11622
11623
11624
11625
11626
11627
11628
11631
11632
11634
11635
11636
11637
11638
11640
11641
11642
11644
11645
11646
11648
11650
11654
11656
11657
11658
11659
11660
11661
11662
11663
11665
11666
11668
11669
11670
11672
11673
11676
11677
11678
11679
11680
11681
11682
11684
11685
11687
11688
11689
11691
11693
11694
11696
11697
11698
11699
11702
11703
11706
11707
11709
11710
11711
11713
11715
11716
11717
11718
11719
11720
11723
11724
11725
