00001
00002
00004
00005
00006
00007
00008
00009
00010
00011
00012
00014
00015
00016
00017
00020
00022
00023
00025
00026
00027
00028
00029
00030
00031
00032
00033
00034
00035
00036
00037
00038
00039
00040
00041
00042
00043
00044
00045
00046
00048
00049
00050
00051
00053
00054
00055
00058
00059
00060
00061
00062
00063
00064
00065
00066
00069
00070
00074
00075
00076
00077
00078
00079
00082
00085
00086
00087
00088
00089
00090
00091
00092
00093
00094
00095
00096
00097
00100
00103
00104
00105
00106
00108
00109
00110
00111
00112
00113
00114
00115
00116
00118
00120
00121
00122
00123
00124
00128
00129
00130
00131
00132
00133
00134
00135
00137
00139
00141
00142
00143
00144
00145
00146
00147
00148
00149
00151
00152
00153
00154
00156
00159
00160
00161
00162
00163
00164
00165
00166
00167
00168
00170
00171
00172
00174
00175
00177
00179
00180
00182
00183
00184
00186
00188
00189
00190
00191
00192
00193
00194
00195
00196
00199
00200
00201
00202
00203
00204
00205
00206
00208
00209
00210
00211
00212
00213
00215
00216
00217
00218
00219
00220
00221
00222
00223
00224
00225
00226
00227
00228
00229
00231
00232
00233
00234
00235
00236
00237
00239
00241
00242
00243
00244
00248
00249
00250
00251
00253
00254
00255
00256
00257
00258
00260
00261
00262
00266
00267
00268
00269
00270
00272
00274
00275
00276
00277
00278
00279
00280
00281
00282
00286
00287
00288
00289
00290
00292
00293
00294
00295
00296
00297
00298
00299
00300
00303
00304
00305
00306
00307
00310
00312
00314
00315
00316
00317
00318
00319
00321
00322
00323
00324
00325
00326
00327
00328
00329
00330
00332
00333
00334
00335
00336
00338
00340
00343
00344
00345
00346
00347
00348
00349
00350
00352
00354
00357
00359
00360
00361
00362
00363
00364
00365
00366
00367
00372
00373
00375
00376
00378
00379
00380
00381
00382
00383
00384
00386
00388
00389
00390
00391
00392
00393
00394
00395
00396
00400
00401
00402
00403
00404
00406
00408
00409
00410
00411
00412
00414
00416
00417
00418
00419
00420
00421
00422
00425
00427
00429
00430
00431
00432
00433
00434
00435
00436
00438
00439
00441
00442
00444
00445
00448
00449
00450
00451
00452
00453
00454
00455
00456
00457
00458
00460
00461
00462
00464
00465
00468
00470
00473
00474
00476
00477
00478
00479
00480
00481
00482
00483
00484
00486
00489
00490
00491
00493
00494
00495
00496
00498
00499
00500
00501
00502
00504
00506
00507
00509
00511
00513
00515
00516
00517
00518
00519
00520
00523
00524
00525
00526
00527
00529
00530
00531
00533
00534
00535
00536
00537
00538
00539
00543
00544
00545
00546
00547
00548
00549
00550
00552
00553
00555
00556
00558
00560
00561
00562
00563
00564
00565
00566
00567
00568
00569
00571
00572
00573
00574
00576
00577
00578
00579
00580
00581
00583
00584
00586
00587
00588
00589
00591
00592
00593
00594
00595
00596
00598
00599
00600
00602
00603
00604
00605
00606
00607
00608
00609
00610
00611
00614
00615
00616
00618
00619
00621
00622
00623
00624
00625
00627
00628
00629
00631
00633
00634
00635
00636
00637
00638
00639
00640
00641
00642
00643
00644
00645
00646
00647
00648
00649
00650
00651
00652
00653
00654
00655
00657
00658
00659
00660
00661
00662
00663
00665
00666
00667
00668
00669
00670
00671
00672
00673
00674
00675
00676
00677
00679
00680
00681
00683
00685
00687
00688
00689
00690
00691
00692
00694
00695
00696
00697
00698
00699
00700
00701
00702
00703
00704
00706
00708
00710
00711
00712
00714
00715
00716
00717
00718
00719
00720
00721
00722
00723
00724
00728
00729
00730
00732
00734
00735
00737
00738
00739
00741
00747
00750
00751
00752
00754
00755
00756
00758
00759
00760
00761
00762
00763
00764
00765
00767
00768
00769
00770
00771
00772
00773
00774
00775
00776
00778
00779
00780
00782
00783
00784
00785
00786
00787
00788
00789
00791
00794
00795
00797
00798
00799
00800
00801
00802
00803
00804
00806
00807
00808
00809
00810
00811
00812
00814
00815
00816
00817
00819
00823
00824
00825
00826
00827
00829
00830
00831
00832
00834
00835
00836
00839
00840
00841
00843
00844
00845
00846
00847
00848
00849
00850
00851
00852
00853
00854
00855
00856
00858
00859
00860
00862
00863
00864
00865
00866
00867
00868
00871
00872
00873
00875
00876
00877
00878
00879
00880
00881
00882
00884
00885
00888
00890
00891
00892
00893
00894
00895
00898
00899
00900
00901
00902
00903
00904
00905
00906
00907
00908
00909
00910
00911
00912
00913
00914
00916
00917
00918
00919
00920
00921
00922
00923
00924
00926
00927
00928
00937
00940
00941
00942
00943
00944
00945
00946
00947
00948
00950
00951
00952
00954
00955
00957
00958
00959
00960
00961
00963
00964
00965
00966
00967
00969
00970
00971
00972
00973
00974
00975
00976
00977
00978
00979
00980
00981
00982
00983
00984
00985
00986
00987
00989
00991
00992
00994
00995
00996
00997
00998
01000
01001
01002
01004
01008
01010
01011
01013
01014
01016
01017
01018
01019
01020
01021
01022
01023
01024
01025
01027
01029
01031
01034
01035
01037
01038
01039
01040
01042
01044
01047
01048
01049
01050
01053
01056
01058
01059
01060
01061
01062
01064
01065
01067
01068
01069
01070
01071
01072
01073
01075
01076
01077
01079
01080
01081
01082
01083
01084
01085
01086
01089
01090
01091
01092
01094
01099
01100
01101
01103
01104
01105
01106
01107
01108
01109
01110
01111
01112
01113
01114
01115
01116
01117
01118
01120
01121
01122
01125
01126
01127
01128
01129
01130
01132
01133
01135
01136
01137
01139
01140
01141
01142
01144
01145
01146
01147
01150
01151
01155
01156
01157
01158
01159
01160
01161
01163
01164
01165
01166
01167
01168
01170
01171
01172
01173
01174
01175
01178
01179
01180
01181
01183
01185
01186
01188
01189
01190
01192
01193
01197
01198
01199
01200
01201
01202
01203
01204
01205
01206
01207
01208
01209
01210
01212
01214
01215
01216
01218
01219
01220
01221
01223
01225
01226
01227
01228
01230
01231
01232
01234
01236
01237
01238
01240
01241
01242
01243
01244
01245
01247
01248
01249
01250
01251
01252
01253
01254
01257
01259
01260
01261
01262
01263
01264
01265
01266
01267
01269
01271
01274
01275
01276
01277
01278
01279
01280
01281
01282
01283
01284
01286
01287
01288
01289
01291
01292
01293
01295
01296
01297
01298
01299
01301
01303
01304
01305
01306
01307
01308
01309
01310
01311
01312
01313
01314
01315
01316
01317
01320
01321
01322
01323
01324
01325
01326
01327
01328
01330
01333
01334
01335
01336
01337
01340
01342
01344
01345
01347
01349
01352
01353
01354
01355
01356
01357
01358
01359
01360
01361
01362
01363
01366
01367
01370
01373
01374
01375
01376
01377
01378
01379
01382
01383
01384
01386
01387
01388
01392
01395
01396
01397
01398
01399
01400
01401
01402
01403
01404
01405
01408
01411
01412
01413
01414
01415
01416
01417
01418
01420
01421
01422
01424
01425
01426
01427
01428
01429
01430
01431
01432
01433
01434
01436
01437
01438
01439
01440
01443
01444
01445
01446
01448
01449
01450
01453
01454
01455
01456
01458
01460
01461
01463
01464
01465
01467
01470
01471
01475
01476
01477
01479
01480
01482
01483
01484
01486
01487
01490
01494
01495
01497
01498
01499
01500
01502
01503
01505
01506
01510
01512
01516
01517
01519
01520
01521
01522
01525
01526
01530
01531
01532
01535
01536
01537
01538
01539
01540
01542
01543
01544
01545
01546
01548
01549
01550
01551
01552
01554
01555
01556
01557
01558
01560
01564
01565
01567
01568
01569
01570
01571
01572
01573
01574
01575
01576
01577
01578
01579
01580
01581
01582
01583
01585
01587
01588
01589
01592
01594
01596
01599
01600
01601
01603
01604
01605
01606
01607
01608
01609
01610
01611
01613
01614
01615
01616
01620
01621
01622
01623
01624
01625
01626
01628
01629
01630
01631
01632
01634
01636
01638
01639
01640
01643
01645
01646
01649
01651
01652
01654
01655
01657
01658
01661
01663
01667
01668
01670
01673
01674
01675
01676
01678
01679
01680
01682
01683
01685
01686
01687
01689
01690
01691
01692
01693
01694
01696
01697
01698
01699
01700
01702
01703
01704
01705
01706
01708
01711
01712
01713
01714
01715
01717
01718
01719
01720
01721
01722
01723
01724
01727
01728
01729
01731
01733
01734
01735
01736
01737
01738
01739
01741
01742
01743
01745
01747
01748
01749
01750
01751
01752
01753
01754
01755
01756
01757
01758
01759
01760
01761
01762
01763
01764
01765
01768
01769
01770
01771
01772
01773
01774
01775
01776
01777
01778
01779
01781
01782
01783
01784
01785
01786
01787
01788
01789
01792
01793
01795
01798
01799
01800
01801
01803
01804
01805
01806
01808
01809
01810
01812
01814
01815
01818
01819
01821
01823
01826
01827
01828
01829
01830
01831
01832
01833
01834
01836
01838
01839
01842
01843
01845
01846
01847
01849
01850
01851
01852
01853
01854
01855
01856
01858
01860
01861
01862
01863
01864
01865
01867
01868
01871
01873
01874
01875
01876
01877
01878
01880
01881
01883
01884
01885
01886
01887
01889
01890
01892
01893
01895
01896
01897
01898
01899
01900
01901
01902
01903
01904
01905
01906
01907
01909
01910
01911
01912
01914
01916
01917
01918
01919
01920
01921
01922
01923
01924
01925
01928
01929
01931
01932
01933
01934
01935
01936
01939
01940
01941
01942
01943
01945
01946
01947
01948
01949
01950
01951
01952
01953
01956
01957
01958
01959
01960
01961
01962
01963
01964
01965
01966
01967
01969
01970
01971
01972
01973
01974
01975
01976
01977
01982
01983
01984
01985
01987
01988
01989
01990
01991
01992
01993
01995
01997
01998
01999
02000
02001
02002
02003
02004
02005
02006
02007
02009
02011
02012
02013
02015
02016
02017
02018
02019
02020
02021
02022
02023
02024
02026
02029
02030
02031
02032
02034
02035
02036
02037
02039
02040
02041
02042
02045
02046
02047
02048
02049
02050
02051
02052
02054
02055
02056
02057
02058
02062
02063
02064
02065
02066
02067
02068
02069
02070
02072
02073
02074
02075
02076
02077
02078
02080
02081
02082
02083
02084
02085
02086
02087
02088
02090
02092
02093
02094
02095
02096
02098
02099
02100
02101
02103
02105
02106
02107
02109
02110
02111
02112
02113
02114
02117
02118
02119
02120
02121
02124
02125
02126
02127
02128
02129
02130
02133
02134
02136
02138
02139
02141
02144
02145
02146
02147
02149
02150
02151
02152
02154
02156
02157
02158
02160
02161
02162
02164
02166
02167
02168
02169
02170
02172
02173
02175
02176
02178
02180
02181
02182
02183
02185
02186
02187
02188
02189
02191
02192
02193
02195
02196
02197
02198
02199
02201
02202
02203
02204
02206
02207
02208
02210
02211
02213
02216
02217
02218
02219
02220
02221
02222
02223
02224
02225
02226
02227
02228
02229
02230
02231
02232
02234
02236
02237
02238
02239
02241
02242
02244
02245
02246
02247
02249
02250
02251
02252
02253
02256
02257
02258
02259
02260
02261
02262
02263
02265
02266
02267
02269
02271
02272
02273
02276
02277
02278
02279
02280
02281
02282
02283
02284
02286
02287
02288
02289
02290
02292
02295
02296
02298
02300
02301
02302
02303
02304
02305
02306
02308
02309
02311
02313
02314
02317
02319
02320
02323
02324
02325
02326
02328
02329
02330
02332
02334
02335
02337
02338
02339
02340
02342
02343
02344
02345
02347
02349
02350
02351
02353
02354
02356
02357
02359
02360
02361
02362
02364
02365
02366
02367
02368
02369
02370
02371
02372
02377
02378
02379
02380
02381
02382
02384
02385
02386
02387
02389
02390
02391
02392
02393
02395
02398
02400
02401
02402
02406
02407
02408
02409
02410
02412
02413
02414
02416
02417
02418
02419
02420
02421
02422
02423
02424
02425
02426
02427
02428
02429
02431
02432
02433
02434
02435
02436
02437
02438
02439
02440
02441
02442
02444
02445
02446
02447
02449
02450
02451
02454
02455
02457
02458
02459
02460
02462
02463
02464
02465
02466
02469
02471
02472
02474
02476
02478
02479
02480
02481
02483
02484
02485
02488
02489
02490
02492
02494
02495
02496
02498
02499
02500
02501
02503
02504
02505
02506
02507
02510
02511
02512
02513
02514
02515
02516
02517
02518
02520
02523
02524
02526
02527
02528
02529
02535
02536
02537
02541
02543
02544
02545
02546
02547
02548
02549
02550
02551
02553
02555
02556
02557
02558
02559
02560
02562
02563
02564
02566
02570
02571
02575
02576
02577
02579
02580
02581
02583
02584
02588
02590
02592
02593
02595
02596
02597
02598
02599
02600
02601
02603
02604
02605
02606
02608
02609
02610
02612
02614
02617
02620
02621
02622
02623
02624
02625
02627
02628
02629
02630
02631
02633
02634
02635
02636
02637
02640
02641
02642
02643
02644
02645
02646
02647
02650
02652
02654
02655
02656
02657
02658
02660
02661
02663
02667
02668
02669
02670
02671
02672
02673
02674
02675
02676
02677
02678
02680
02681
02685
02686
02687
02689
02691
02692
02694
02696
02698
02700
02701
02702
02703
02704
02705
02706
02707
02708
02709
02710
02711
02712
02713
02714
02715
02717
02718
02719
02720
02721
02724
02725
02726
02727
02728
02731
02732
02733
02734
02735
02736
02737
02738
02741
02742
02743
02744
02745
02746
02748
02750
02751
02752
02753
02755
02756
02758
02759
02761
02763
02764
02765
02766
02767
02768
02770
02772
02773
02775
02777
02778
02780
02781
02782
02783
02785
02787
02788
02790
02791
02792
02794
02795
02796
02797
02798
02799
02801
02802
02804
02805
02806
02809
02811
02812
02813
02815
02816
02817
02818
02819
02820
02822
02823
02824
02825
02828
02829
02830
02831
02832
02833
02834
02835
02836
02837
02838
02839
02840
02841
02842
02843
02844
02845
02846
02848
02849
02850
02851
02852
02853
02854
02856
02858
02859
02860
02861
02862
02865
02869
02870
02871
02872
02874
02875
02876
02879
02881
02882
02883
02884
02886
02887
02888
02889
02890
02893
02894
02895
02897
02898
02900
02901
02902
02903
02906
02907
02908
02910
02911
02912
02913
02914
02915
02916
02917
02918
02919
02920
02921
02922
02923
02924
02925
02926
02927
02929
02932
02934
02935
02936
02937
02938
02939
02940
02941
02942
02943
02945
02946
02947
02948
02951
02952
02953
02956
02957
02959
02960
02961
02965
02966
02967
02968
02969
02971
02972
02973
02974
02975
02976
02978
02979
02980
02981
02982
02983
02984
02985
02986
02987
02988
02989
02990
02991
02992
02993
02994
02996
02997
02998
02999
03000
03001
03002
03003
03004
03005
03006
03008
03009
03011
03012
03013
03014
03015
03018
03019
03020
03021
03022
03023
03024
03025
03028
03030
03031
03032
03033
03034
03035
03036
03037
03039
03041
03042
03043
03044
03045
03046
03048
03051
03053
03054
03055
03056
03057
03059
03061
03063
03064
03066
03068
03069
03070
03071
03072
03073
03074
03075
03076
03077
03078
03079
03080
03081
03083
03085
03086
03087
03088
03089
03091
03092
03094
03095
03097
03098
03100
03101
03102
03103
03104
03105
03107
03108
03109
03110
03111
03112
03113
03114
03115
03116
03117
03118
03119
03120
03122
03123
03126
03127
03128
03131
03132
03134
03135
03137
03138
03139
03140
03141
03143
03144
03145
03146
03147
03148
03150
03151
03152
03153
03154
03155
03156
03157
03158
03159
03160
03161
03163
03164
03165
03166
03167
03168
03169
03170
03175
03176
03177
03178
03179
03181
03182
03183
03184
03185
03187
03191
03192
03193
03194
03196
03197
03199
03200
03201
03202
03204
03206
03207
03208
03209
03211
03212
03213
03214
03215
03217
03218
03219
03220
03221
03223
03225
03227
03229
03230
03233
03234
03235
03236
03239
03240
03241
03242
03243
03244
03245
03247
03248
03249
03250
03251
03252
03253
03254
03255
03256
03257
03261
03264
03267
03269
03270
03272
03273
03274
03275
03276
03277
03278
03280
03282
03284
03285
03286
03287
03288
03289
03292
03293
03295
03297
03298
03299
03301
03302
03304
03305
03307
03308
03309
03311
03312
03313
03314
03315
03316
03317
03318
03321
03322
03323
03324
03325
03327
03328
03329
03330
03331
03332
03333
03335
03336
03338
03339
03340
03343
03344
03347
03349
03350
03351
03353
03354
03356
03358
03360
03361
03362
03363
03364
03366
03367
03368
03372
03373
03376
03377
03378
03379
03380
03381
03383
03384
03387
03389
03393
03394
03395
03396
03397
03398
03399
03402
03403
03405
03407
03408
03409
03410
03411
03413
03414
03415
03417
03418
03419
03420
03421
03422
03423
03425
03426
03427
03428
03429
03430
03432
03434
03435
03436
03437
03438
03440
03441
03442
03443
03445
03446
03447
03448
03449
03450
03451
03452
03454
03455
03456
03457
03458
03459
03460
03461
03463
03464
03467
03469
03472
03474
03475
03476
03479
03480
03481
03482
03483
03484
03487
03488
03490
03493
03494
03495
03496
03498
03499
03500
03501
03502
03503
03505
03506
03507
03509
03511
03512
03513
03516
03517
03518
03520
03521
03525
03526
03527
03528
03530
03532
03533
03534
03536
03538
03540
03541
03542
03544
03545
03548
03550
03551
03553
03554
03555
03558
03559
03561
03562
03564
03565
03566
03567
03568
03569
03570
03571
03572
03573
03574
03576
03577
03578
03579
03580
03581
03582
03583
03584
03586
03587
03589
03591
03593
03594
03595
03597
03598
03599
03601
03602
03603
03604
03606
03607
03608
03609
03610
03611
03612
03613
03614
03615
03618
03619
03620
03621
03622
03623
03625
03626
03627
03628
03630
03632
03634
03635
03636
03639
03640
03641
03642
03643
03645
03647
03648
03650
03651
03652
03653
03655
03657
03658
03659
03660
03661
03662
03663
03664
03666
03668
03669
03672
03673
03674
03675
03676
03678
03679
03680
03683
03684
03686
03687
03688
03689
03691
03693
03694
03697
03698
03699
03700
03701
03704
03705
03706
03708
03709
03710
03712
03713
03714
03715
03716
03717
03718
03719
03720
03722
03723
03725
03727
03728
03729
03731
03735
03736
03738
03740
03741
03745
03746
03747
03748
03749
03751
03754
03755
03756
03757
03758
03759
03760
03761
03762
03764
03765
03766
03768
03769
03772
03773
03775
03776
03777
03778
03779
03780
03781
03783
03784
03786
03787
03789
03790
03791
03792
03794
03796
03799
03800
03801
03802
03803
03804
03807
03808
03809
03810
03811
03812
03813
03814
03815
03816
03817
03819
03821
03823
03824
03825
03826
03827
03828
03829
03830
03831
03833
03834
03836
03838
03839
03840
03841
03843
03845
03847
03848
03850
03852
03855
03856
03857
03858
03859
03860
03861
03862
03863
03865
03867
03868
03869
03870
03871
03874
03877
03878
03879
03880
03882
03883
03884
03885
03886
03888
03890
03891
03893
03895
03897
03898
03900
03901
03902
03903
03905
03906
03907
03909
03910
03912
03913
03915
03916
03918
03920
03921
03922
03923
03925
03926
03927
03928
03929
03930
03931
03932
03933
03935
03936
03940
03941
03943
03944
03945
03946
03947
03948
03949
03951
03952
03953
03954
03955
03956
03957
03958
03959
03960
03962
03963
03964
03967
03968
03969
03970
03971
03972
03973
03974
03975
03976
03978
03979
03981
03982
03983
03984
03986
03987
03988
03989
03990
03992
03993
03994
03995
04000
04001
04004
04005
04006
04007
04008
04009
04011
04015
04016
04017
04018
04019
04020
04021
04023
04024
04027
04028
04031
04032
04035
04036
04037
04038
04040
04041
04042
04045
04046
04047
04049
04050
04051
04052
04053
04055
04056
04057
04059
04060
04062
04069
04070
04071
04072
04073
04074
04075
04076
04077
04078
04079
04080
04081
04082
04083
04085
04086
04089
04090
04092
04093
04094
04095
04098
04102
04103
04105
04106
04108
04109
04114
04115
04118
04119
04120
04121
04122
04125
04128
04129
04131
04133
04134
04135
04136
04137
04138
04139
04141
04142
04146
04149
04150
04152
04153
04154
04156
04157
04158
04159
04160
04161
04162
04164
04165
04167
04169
04170
04171
04172
04173
04174
04176
04177
04178
04179
04180
04182
04184
04187
04189
04191
04192
04194
04195
04196
04197
04198
04199
04202
04203
04204
04205
04207
04208
04209
04210
04211
04215
04216
04217
04220
04222
04224
04225
04227
04229
04230
04231
04232
04234
04235
04237
04238
04240
04242
04243
04244
04245
04246
04247
04249
04250
04251
04253
04254
04257
04258
04260
04261
04262
04263
04264
04265
04266
04267
04269
04270
04271
04272
04273
04274
04275
04277
04278
04279
04280
04282
04283
04284
04285
04286
04287
04288
04289
04290
04291
04295
04296
04298
04299
04300
04301
04302
04303
04304
04305
04306
04308
04309
04310
04311
04312
04314
04315
04316
04317
04319
04320
04321
04325
04328
04329
04330
04331
04332
04333
04335
04337
04338
04341
04343
04344
04345
04346
04348
04349
04350
04352
04353
04354
04355
04356
04357
04358
04359
04360
04361
04362
04363
04365
04366
04367
04368
04369
04371
04372
04374
04375
04377
04378
04379
04380
04382
04383
04385
04386
04387
04388
04389
04390
04391
04392
04393
04394
04395
04396
04397
04399
04401
04402
04404
04406
04407
04408
04410
04412
04414
04415
04417
04418
04419
04420
04422
04423
04425
04426
04427
04431
04433
04434
04435
04436
04437
04438
04439
04440
04442
04443
04444
04447
04448
04449
04450
04452
04453
04454
04455
04456
04457
04458
04459
04461
04462
04464
04468
04469
04470
04471
04474
04475
04476
04477
04478
04479
04480
04483
04484
04485
04486
04487
04488
04489
04490
04491
04494
04499
04500
04501
04502
04503
04504
04505
04506
04507
04509
04510
04511
04512
04515
04516
04517
04518
04519
04520
04521
04522
04523
04524
04525
04527
04528
04529
04530
04532
04535
04537
04538
04539
04540
04541
04542
04543
04546
04547
04549
04550
04551
04553
04554
04555
04557
04558
04559
04560
04561
04565
04566
04567
04568
04569
04570
04571
04574
04576
04577
04579
04580
04581
04582
04584
04585
04586
04587
04588
04593
04594
04595
04596
04597
04600
04602
04603
04604
04605
04606
04607
04608
04609
04610
04611
04612
04614
04615
04617
04618
04619
04620
04623
04624
04625
04626
04628
04629
04630
04631
04632
04634
04635
04636
04637
04638
04639
04640
04642
04643
04644
04646
04648
04650
04651
04652
04653
04654
04655
04656
04657
04658
04660
04661
04662
04663
04664
04665
04666
04668
04669
04670
04671
04672
04674
04677
04678
04679
04681
04682
04683
04684
04685
04687
04688
04689
04691
04692
04693
04694
04695
04696
04697
04698
04699
04700
04701
04702
04703
04704
04705
04706
04707
04711
04712
04713
04714
04718
04720
04721
04723
04724
04725
04727
04728
04729
04730
04731
04735
04736
04738
04739
04740
04741
04742
04743
04744
04746
04748
04749
04750
04751
04753
04754
04756
04757
04758
04761
04762
04763
04764
04765
04767
04768
04769
04770
04771
04772
04773
04775
04776
04777
04778
04780
04781
04783
04785
04786
04787
04788
04789
04790
04791
04793
04794
04795
04796
04797
04798
04799
04800
04801
04802
04806
04809
04810
04811
04812
04813
04815
04817
04818
04819
04822
04823
04824
04825
04830
04831
04832
04833
04834
04835
04837
04838
04839
04840
04841
04842
04843
04844
04845
04846
04847
04848
04849
04850
04851
04852
04853
04855
04857
04858
04859
04860
04861
04862
04864
04866
04868
04869
04870
04871
04872
04873
04874
04875
04878
04879
04880
04881
04882
04883
04885
04886
04887
04888
04891
04892
04894
04895
04898
04899
04900
04901
04902
04904
04906
04909
04913
04916
04917
04919
04920
04921
04922
04923
04924
04925
04926
04927
04928
04929
04931
04932
04934
04935
04937
04938
04939
04941
04942
04943
04946
04947
04948
04949
04950
04951
04952
04953
04954
04955
04957
04958
04959
04960
04961
04962
04965
04966
04967
04968
04970
04971
04972
04973
04974
04977
04979
04980
04981
04982
04983
04984
04985
04990
04992
04993
04994
04996
04997
04998
04999
05000
05001
05002
05003
05005
05006
05008
05009
05011
05012
05013
05014
05015
05017
05019
05020
05021
05023
05024
05025
05027
05028
05029
05030
05032
05035
05036
05037
05039
05040
05041
05043
05045
05047
05049
05050
05052
05055
05056
05058
05059
05060
05062
05063
05065
05067
05071
05072
05073
05074
05075
05076
05077
05078
05079
05081
05082
05083
05085
05086
05087
05088
05089
05091
05092
05094
05095
05097
05098
05099
05100
05102
05103
05104
05105
05108
05109
05110
05111
05112
05113
05114
05115
05116
05117
05119
05121
05122
05123
05127
05128
05129
05130
05131
05132
05133
05134
05137
05138
05139
05141
05142
05143
05145
05146
05147
05148
05151
05152
05153
05156
05157
05158
05159
05160
05162
05164
05166
05167
05168
05169
05170
05171
05172
05173
05178
05179
05180
05181
05182
05184
05185
05186
05187
05189
05190
05191
05192
05193
05194
05195
05198
05199
05203
05204
05206
05208
05211
05212
05214
05215
05218
05222
05223
05224
05225
05226
05228
05229
05230
05232
05234
05236
05238
05241
05242
05243
05244
05245
05247
05249
05250
05251
05252
05253
05254
05256
05257
05258
05259
05261
05262
05263
05265
05266
05267
05268
05269
05271
05272
05273
05275
05276
05277
05278
05279
05281
05284
05285
05286
05287
05289
05290
05291
05292
05293
05294
05296
05297
05298
05299
05300
05302
05303
05305
05306
05308
05309
05310
05311
05312
05313
05315
05317
05318
05319
05320
05321
05322
05323
05324
05325
05326
05327
05328
05329
05332
05336
05338
05341
05342
05343
05344
05345
05346
05347
05348
05349
05351
05353
05355
05356
05357
05358
05360
05361
05365
05368
05369
05370
05371
05373
05374
05375
05376
05377
05378
05379
05381
05383
05385
05387
05388
05389
05390
05392
05394
05395
05396
05399
05400
05401
05404
05405
05406
05407
05408
05411
05412
05413
05414
05415
05416
05417
05418
05420
05421
05422
05423
05427
05428
05430
05431
05434
05435
05436
05437
05438
05439
05440
05441
05442
05443
05444
05445
05447
05448
05450
05451
05453
05455
05457
05458
05459
05460
05461
05462
05463
05464
05465
05466
05467
05468
05470
05471
05472
05473
05474
05475
05477
05478
05479
05481
05482
05483
05484
05486
05487
05488
05489
05492
05493
05495
05496
05497
05499
05501
05502
05503
05504
05505
05507
05509
05511
05512
05513
05515
05516
05517
05518
05520
05521
05523
05524
05525
05527
05528
05531
05533
05534
05536
05537
05538
05539
05541
05542
05543
05545
05546
05547
05549
05551
05552
05553
05555
05557
05562
05563
05564
05565
05566
05568
05570
05571
05573
05574
05575
05576
05577
05578
05580
05581
05586
05587
05588
05589
05590
05591
05592
05594
05595
05596
05597
05599
05601
05602
05603
05605
05606
05607
05608
05609
05610
05612
05613
05614
05615
05618
05619
05620
05621
05623
05624
05626
05627
05628
05630
05631
05632
05633
05634
05636
05637
05639
05640
05641
05642
05643
05644
05646
05648
05649
05650
05651
05652
05654
05655
05656
05657
05658
05659
05660
05661
05662
05664
05666
05667
05669
05670
05671
05672
05673
05676
05677
05678
05679
05680
05681
05682
05684
05685
05687
05688
05690
05691
05692
05694
05695
05696
05697
05698
05699
05700
05702
05704
05706
05708
05709
05710
05712
05713
05714
05715
05716
05717
05718
05719
05720
05722
05723
05724
05725
05727
05728
05730
05731
05734
05735
05736
05737
05738
05741
05742
05744
05745
05747
05748
05749
05750
05751
05752
05753
05754
05755
05756
05757
05758
05760
05761
05763
05764
05766
05767
05768
05769
05770
05771
05772
05773
05775
05776
05778
05779
05780
05781
05783
05785
05786
05787
05789
05790
05791
05796
05797
05799
05800
05801
05802
05803
05804
05805
05807
05810
05812
05813
05814
05815
05817
05819
05820
05821
05822
05823
05824
05827
05828
05829
05830
05831
05832
05834
05835
05838
05840
05842
05843
05845
05847
05849
05850
05853
05854
05857
05859
05860
05861
05862
05864
05865
05870
05872
05873
05876
05878
05879
05880
05884
05885
05887
05889
05890
05891
05892
05893
05895
05896
05897
05899
05901
05902
05903
05905
05906
05907
05908
05909
05910
05912
05913
05914
05915
05916
05918
05919
05920
05922
05925
05926
05927
05928
05930
05933
05934
05935
05937
05938
05940
05941
05942
05943
05944
05945
05946
05947
05948
05949
05950
05952
05953
05954
05955
05956
05957
05958
05959
05960
05961
05962
05963
05964
05965
05967
05968
05969
05970
05972
05973
05974
05976
05977
05978
05979
05982
05984
05988
05990
05992
05993
05994
05995
05996
05997
05998
06000
06001
06004
06005
06006
06007
06011
06012
06013
06014
06015
06016
06018
06020
06021
06022
06023
06024
06025
06027
06028
06029
06032
06033
06034
06035
06036
06038
06039
06040
06042
06043
06044
06046
06047
06049
06051
06052
06054
06055
06056
06057
06059
06060
06061
06062
06063
06064
06065
06066
06067
06068
06069
06072
06073
06074
06075
06076
06077
06078
06079
06080
06081
06082
06083
06084
06085
06086
06087
06088
06089
06090
06092
06093
06094
06095
06096
06100
06102
06103
06104
06105
06107
06109
06110
06111
06112
06114
06116
06117
06118
06119
06120
06121
06123
06124
06125
06126
06127
06128
06129
06130
06131
06132
06133
06134
06135
06136
06137
06140
06141
06142
06143
06144
06145
06146
06147
06148
06150
06152
06153
06154
06155
06156
06157
06158
06160
06161
06162
06164
06165
06166
06169
06170
06171
06175
06176
06177
06178
06179
06182
06183
06185
06186
06187
06188
06189
06190
06191
06193
06194
06197
06198
06200
06202
06204
06206
06207
06208
06210
06211
06212
06213
06215
06216
06217
06218
06220
06221
06224
06225
06226
06227
06228
06229
06230
06232
06233
06234
06235
06237
06238
06240
06241
06242
06244
06246
06247
06248
06249
06251
06252
06253
06257
06258
06261
06263
06264
06265
06266
06267
06269
06270
06271
06272
06273
06275
06277
06279
06281
06283
06284
06285
06286
06287
06288
06289
06290
06291
06293
06295
06296
06298
06299
06301
06302
06303
06304
06305
06306
06307
06308
06310
06311
06312
06314
06315
06316
06317
06318
06320
06322
06324
06325
06326
06327
06329
06330
06331
06332
06333
06334
06338
06339
06340
06341
06342
06344
06346
06347
06348
06349
06350
06351
06352
06354
06355
06356
06359
06361
06362
06364
06365
06370
06371
06372
06373
06374
06377
06378
06379
06381
06382
06384
06385
06386
06389
06390
06391
06392
06394
06395
06396
06397
06398
06400
06401
06402
06403
06404
06405
06407
06409
06410
06412
06413
06414
06415
06418
06419
06420
06421
06422
06423
06425
06426
06427
06429
06431
06433
06435
06436
06437
06439
06442
06443
06444
06445
06446
06447
06448
06449
06451
06452
06453
06454
06456
06458
06459
06462
06463
06464
06465
06466
06467
06468
06469
06470
06472
06473
06474
06475
06476
06477
06478
06480
06481
06483
06486
06487
06488
06489
06490
06491
06492
06493
06495
06496
06497
06498
06499
06503
06504
06505
06506
06508
06509
06510
06511
06512
06513
06514
06515
06516
06517
06518
06519
06520
06522
06523
06524
06525
06527
06529
06531
06532
06534
06535
06539
06542
06544
06545
06550
06551
06556
06557
06558
06559
06560
06562
06563
06564
06565
06566
06567
06568
06570
06572
06573
06575
06576
06577
06579
06580
06581
06582
06584
06586
06587
06588
06590
06592
06593
06595
06596
06597
06599
06601
06602
06603
06604
06607
06608
06609
06610
06611
06612
06614
06615
06616
06618
06619
06620
06621
06622
06623
06624
06626
06627
06628
06629
06630
06631
06632
06633
06634
06635
06637
06639
06640
06643
06644
06645
06647
06648
06649
06650
06651
06652
06653
06654
06657
06659
06660
06661
06663
06665
06666
06667
06668
06669
06670
06671
06672
06675
06676
06677
06678
06679
06680
06681
06682
06683
06684
06687
06689
06690
06691
06692
06693
06694
06695
06696
06698
06700
06702
06705
06708
06709
06710
06711
06712
06713
06714
06715
06716
06717
06720
06722
06724
06725
06727
06730
06733
06736
06737
06738
06739
06740
06743
06744
06747
06748
06750
06751
06752
06753
06756
06757
06758
06759
06760
06763
06764
06765
06766
06767
06769
06770
06772
06773
06774
06775
06776
06777
06779
06780
06781
06783
06784
06785
06786
06787
06788
06789
06790
06792
06795
06796
06797
06799
06800
06801
06802
06805
06806
06807
06809
06810
06811
06813
06814
06816
06817
06818
06820
06821
06822
06823
06824
06826
06827
06828
06832
06833
06834
06835
06836
06839
06841
06842
06843
06844
06845
06846
06847
06848
06849
06850
06853
06854
06855
06856
06857
06858
06859
06860
06861
06862
06863
06865
06866
06867
06868
06871
06872
06876
06877
06879
06880
06882
06883
06884
06886
06887
06888
06889
06890
06891
06894
06896
06897
06898
06900
06902
06903
06904
06907
06909
06910
06912
06914
06915
06916
06917
06918
06920
06922
06923
06925
06927
06929
06931
06932
06933
06934
06935
06937
06938
06939
06940
06941
06943
06944
06946
06948
06949
06951
06952
06953
06957
06958
06959
06961
06962
06963
06965
06966
06967
06968
06969
06970
06971
06972
06973
06974
06975
06976
06977
06978
06979
06981
06982
06984
06985
06986
06987
06988
06989
06990
06991
06995
06998
06999
07000
07002
07004
07007
07008
07009
07010
07012
07013
07015
07016
07019
07023
07025
07026
07027
07028
07030
07031
07032
07033
07034
07035
07036
07037
07038
07039
07042
07043
07044
07046
07048
07049
07051
07052
07053
07054
07055
07056
07057
07058
07059
07060
07061
07062
07063
07064
07065
07067
07068
07069
07071
07072
07074
07075
07076
07077
07079
07080
07082
07083
07084
07085
07086
07087
07088
07089
07090
07091
07092
07093
07094
07096
07099
07101
07105
07107
07109
07112
07113
07114
07115
07116
07117
07120
07121
07122
07123
07124
07125
07126
07129
07130
07132
07133
07134
07135
07136
07138
07139
07140
07141
07142
07145
07146
07148
07150
07151
07153
07154
07155
07157
07158
07160
07162
07164
07165
07167
07169
07171
07173
07174
07175
07176
07177
07178
07179
07181
07182
07183
07184
07190
07191
07192
07193
07194
07195
07197
07198
07199
07201
07202
07203
07205
07207
07209
07210
07211
07212
07213
07214
07215
07219
07220
07221
07222
07225
07229
07232
07233
07236
07237
07238
07239
07240
07241
07243
07244
07245
07246
07247
07248
07249
07250
07251
07254
07255
07256
07258
07259
07261
07262
07264
07265
07267
07268
07269
07270
07271
07272
07274
07275
07276
07277
07278
07280
07281
07282
07283
07284
07286
07287
07288
07289
07290
07291
07292
07294
07295
07296
07297
07298
07299
07300
07301
07302
07303
07304
07306
07308
07309
07310
07311
07312
07313
07314
07315
07316
07317
07320
07321
07322
07323
07324
07326
07328
07329
07330
07331
07332
07333
07334
07335
07336
07338
07340
07341
07342
07345
07347
07348
07349
07350
07351
07352
07354
07355
07356
07357
07358
07360
07361
07363
07364
07365
07366
07370
07372
07373
07375
07376
07377
07378
07380
07382
07383
07384
07385
07386
07388
07389
07390
07391
07392
07393
07394
07395
07396
07397
07398
07400
07401
07402
07403
07404
07406
07407
07408
07409
07410
07411
07412
07413
07414
07416
07417
07420
07422
07423
07425
07427
07428
07429
07430
07431
07433
07435
07436
07438
07440
07441
07445
07446
07448
07449
07452
07454
07456
07457
07458
07459
07460
07461
07462
07464
07465
07467
07468
07469
07470
07471
07472
07474
07475
07476
07477
07478
07480
07481
07483
07485
07487
07489
07490
07491
07492
07493
07495
07496
07497
07499
07500
07501
07502
07504
07506
07507
07508
07510
07511
07512
07513
07514
07515
07516
07517
07518
07520
07521
07523
07524
07525
07526
07527
07528
07529
07531
07532
07533
07534
07535
07536
07537
07538
07540
07541
07542
07543
07544
07545
07546
07547
07549
07551
07552
07555
07556
07558
07559
07562
07564
07565
07566
07567
07568
07569
07570
07571
07572
07575
07576
07578
07580
07581
07582
07583
07584
07585
07586
07587
07588
07589
07590
07591
07593
07594
07595
07596
07597
07598
07599
07600
07601
07602
07603
07606
07607
07609
07610
07612
07615
07616
07617
07619
07620
07621
07622
07624
07625
07626
07627
07628
07629
07630
07631
07632
07633
07634
07636
07637
07638
07639
07641
07642
07643
07646
07647
07648
07649
07650
07651
07652
07654
07655
07656
07658
07659
07663
07664
07665
07666
07667
07669
07672
07673
07674
07675
07678
07680
07681
07685
07686
07688
07690
07691
07692
07693
07696
07699
07700
07701
07702
07703
07705
07706
07707
07708
07710
07712
07713
07714
07715
07716
07717
07718
07719
07720
07721
07722
07723
07724
07725
07726
07727
07728
07729
07730
07731
07732
07736
07737
07738
07739
07740
07741
07742
07743
07744
07745
07748
07749
07750
07751
07752
07754
07755
07756
07757
07759
07760
07761
07762
07764
07765
07766
07767
07768
07769
07770
07771
07772
07774
07776
07778
07779
07780
07782
07783
07784
07785
07786
07788
07789
07791
07792
07794
07796
07797
07799
07800
07801
07802
07803
07804
07805
07807
07808
07810
07811
07813
07814
07815
07817
07818
07822
07823
07824
07825
07826
07827
07828
07830
07831
07832
07833
07835
07836
07837
07840
07841
07842
07843
07844
07845
07847
07851
07852
07854
07855
07856
07857
07858
07859
07860
07861
07862
07863
07866
07867
07868
07870
07871
07872
07873
07874
07875
07876
07878
07879
07880
07881
07883
07885
07888
07890
07891
07892
07893
07894
07895
07897
07898
07900
07903
07904
07908
07909
07910
07911
07912
07913
07914
07915
07916
07917
07918
07919
07920
07922
07924
07925
07926
07929
07930
07932
07933
07934
07935
07936
07938
07940
07941
07943
07945
07947
07949
07950
07951
07953
07954
07955
07956
07957
07958
07959
07960
07961
07962
07963
07965
07966
07967
07968
07969
07970
07971
07973
07974
07976
07978
07979
07980
07981
07982
07983
07984
07985
07988
07989
07990
07991
07992
07993
07996
07997
07999
08000
08001
08002
08003
08004
08005
08006
08007
08008
08009
08010
08011
08012
08014
08017
08018
08020
08021
08022
08023
08024
08025
08026
08027
08028
08029
08030
08031
08032
08034
08035
08036
08037
08038
08039
08040
08041
08042
08043
08044
08045
08047
08048
08049
08052
08053
08054
08057
08058
08059
08061
08062
08063
08064
08068
08069
08070
08071
08072
08074
08075
08077
08078
08079
08080
08082
08083
08085
08086
08087
08088
08090
08091
08093
08094
08095
08099
08102
08104
08105
08107
08109
08110
08112
08113
08114
08115
08117
08120
08121
08122
08123
08124
08125
08127
08128
08129
08131
08132
08136
08137
08138
08139
08140
08141
08144
08145
08146
08147
08151
08152
08153
08154
08155
08156
08157
08158
08159
08160
08161
08163
08164
08165
08167
08168
08169
08170
08171
08172
08173
08174
08175
08177
08178
08179
08181
08182
08184
08185
08186
08187
08188
08190
08191
08192
08193
08195
08197
08198
08199
08200
08202
08203
08206
08207
08208
08209
08210
08211
08214
08216
08217
08218
08219
08220
08221
08222
08224
08225
08226
08228
08229
08230
08231
08232
08234
08238
08239
08240
08241
08242
08243
08244
08245
08246
08247
08249
08250
08251
08253
08254
08256
08257
08259
08261
08262
08263
08265
08266
08267
08268
08269
08270
08271
08272
08274
08276
08277
08278
08279
08281
08282
08284
08285
08286
08289
08292
08293
08294
08295
08296
08297
08298
08300
08301
08302
08303
08304
08305
08306
08312
08313
08314
08315
08317
08319
08321
08323
08324
08325
08326
08328
08329
08330
08331
08334
08335
08336
08337
08338
08339
08340
08341
08345
08346
08347
08348
08349
08352
08354
08355
08356
08359
08360
08361
08362
08364
08366
08367
08368
08369
08370
08374
08375
08378
08379
08380
08383
08384
08385
08386
08387
08389
08391
08392
08393
08394
08395
08396
08397
08398
08399
08401
08402
08404
08405
08406
08408
08409
08410
08412
08414
08415
08416
08419
08420
08422
08424
08425
08426
08427
08428
08429
08430
08432
08435
08436
08439
08440
08441
08444
08445
08446
08447
08449
08450
08451
08452
08453
08454
08456
08458
08460
08462
08463
08465
08466
08467
08468
08470
08471
08472
08473
08474
08475
08476
08478
08480
08481
08482
08483
08484
08485
08486
08487
08489
08490
08493
08494
08496
08498
08500
08503
08505
08506
08507
08508
08509
08510
08511
08512
08513
08514
08515
08516
08517
08518
08519
08520
08522
08527
08529
08530
08531
08532
08533
08535
08536
08537
08538
08539
08540
08542
08543
08544
08545
08546
08549
08550
08551
08552
08553
08554
08556
08557
08559
08560
08562
08563
08564
08565
08567
08568
08569
08570
08571
08572
08573
08575
08576
08577
08578
08579
08580
08581
08582
08583
08585
08586
08587
08588
08590
08591
08593
08596
08597
08598
08599
08600
08601
08602
08603
08604
08605
08606
08607
08608
08610
08611
08612
08616
08617
08620
08622
08623
08624
08625
08627
08629
08630
08632
08633
08635
08636
08639
08640
08641
08642
08643
08644
08645
08648
08649
08650
08651
08652
08654
08655
08656
08658
08659
08660
08661
08662
08663
08665
08666
08668
08670
08672
08674
08675
08676
08677
08678
08679
08681
08682
08684
08687
08688
08689
08691
08692
08693
08694
08696
08698
08700
08701
08703
08704
08706
08707
08711
08713
08714
08716
08718
08719
08720
08722
08725
08726
08727
08729
08733
08734
08735
08736
08737
08739
08740
08742
08743
08744
08745
08748
08749
08751
08754
08756
08758
08759
08760
08761
08763
08764
08765
08766
08767
08768
08773
08774
08775
08776
08777
08778
08779
08781
08782
08783
08784
08785
08786
08788
08790
08791
08793
08794
08795
08796
08797
08798
08799
08800
08801
08803
08804
08805
08806
08807
08808
08809
08810
08811
08812
08813
08814
08817
08820
08823
08825
08826
08827
08828
08829
08831
08832
08836
08839
08840
08842
08844
08846
08847
08848
08849
08850
08853
08854
08857
08858
08859
08860
08861
08862
08864
08865
08866
08867
08868
08869
08870
08871
08872
08873
08874
08875
08877
08878
08880
08881
08882
08883
08884
08886
08887
08889
08891
08892
08894
08895
08896
08897
08898
08899
08900
08901
08902
08903
08904
08905
08906
08908
08910
08912
08913
08914
08915
08916
08917
08918
08919
08920
08922
08923
08924
08925
08927
08928
08929
08930
08931
08932
08933
08936
08938
08940
08943
08944
08945
08946
08947
08953
08954
08955
08957
08958
08960
08961
08962
08963
08965
08967
08969
08970
08971
08972
08973
08974
08976
08978
08979
08981
08982
08983
08984
08986
08987
08990
08991
08993
08994
08995
08996
08998
08999
09001
09002
09003
09006
09008
09009
09010
09014
09015
09017
09018
09019
09020
09022
09023
09025
09026
09029
09030
09031
09032
09035
09036
09037
09038
09039
09040
09042
09043
09044
09048
09050
09053
09054
09055
09058
09062
09063
09065
09066
09067
09068
09069
09070
09071
09073
09074
09075
09076
09079
09080
09082
09083
09084
09086
09087
09088
09089
09090
09091
09092
09093
09094
09095
09096
09097
09099
09100
09101
09102
09103
09106
09107
09108
09109
09110
09111
09112
09114
09117
09118
09119
09121
09123
09124
09126
09128
09129
09130
09132
09134
09135
09136
09137
09140
09141
09142
09143
09144
09147
09150
09151
09152
09153
09154
09155
09157
09159
09160
09161
09162
09163
09164
09165
09166
09167
09170
09171
09172
09173
09176
09177
09178
09179
09180
09181
09182
09183
09184
09185
09186
09187
09188
09189
09191
09192
09193
09195
09196
09197
09199
09201
09202
09203
09208
09209
09210
09211
09212
09213
09214
09215
09216
09217
09218
09219
09220
09221
09225
09226
09227
09228
09229
09230
09232
09233
09234
09235
09237
09238
09239
09240
09242
09243
09244
09249
09250
09251
09253
09254
09255
09257
09258
09259
09261
09262
09266
09268
09269
09270
09271
09272
09273
09274
09275
09277
09278
09280
09281
09282
09284
09290
09291
09292
09293
09294
09295
09296
09298
09299
09300
09301
09302
09303
09304
09306
09307
09308
09311
09312
09314
09315
09316
09317
09319
09321
09322
09323
09324
09326
09327
09328
09329
09331
09333
09334
09337
09340
09341
09345
09348
09351
09352
09354
09355
09356
09357
09360
09361
09362
09363
09364
09366
09367
09368
09369
09370
09371
09372
09373
09374
09376
09377
09378
09379
09380
09382
09383
09384
09385
09386
09387
09389
09390
09391
09392
09393
09394
09395
09396
09397
09398
09399
09400
09401
09402
09403
09405
09407
09408
09409
09410
09412
09413
09415
09416
09417
09419
09420
09421
09422
09423
09424
09425
09426
09427
09429
09430
09431
09433
09434
09435
09437
09438
09439
09440
09442
09443
09444
09445
09447
09449
09451
09453
09454
09455
09456
09459
09460
09461
09462
09463
09464
09465
09467
09469
09470
09471
09472
09473
09474
09475
09476
09479
09480
09481
09482
09483
09484
09485
09486
09487
09488
09489
09490
09493
09494
09495
09496
09497
09498
09499
09500
09501
09502
09505
09506
09508
09509
09510
09511
09512
09513
09514
09516
09518
09521
09522
09523
09524
09525
09526
09527
09528
09529
09532
09533
09534
09535
09536
09538
09539
09540
09541
09544
09545
09546
09550
09551
09552
09553
09554
09555
09556
09557
09560
09561
09562
09563
09564
09565
09566
09567
09569
09570
09571
09573
09575
09577
09579
09580
09581
09582
09586
09588
09590
09591
09592
09595
09596
09597
09599
09600
09601
09603
09604
09605
09606
09607
09608
09609
09612
09613
09614
09615
09616
09617
09618
09619
09620
09622
09624
09626
09627
09628
09629
09630
09631
09632
09635
09636
09638
09639
09640
09641
09642
09643
09645
09646
09647
09648
09649
09651
09652
09653
09655
09658
09659
09660
09661
09663
09664
09665
09666
09667
09669
09670
09671
09673
09675
09676
09677
09680
09681
09682
09683
09684
09685
09686
09687
09688
09689
09690
09691
09692
09693
09695
09696
09697
09698
09699
09700
09701
09702
09703
09704
09705
09707
09708
09709
09710
09711
09712
09713
09714
09715
09716
09717
09718
09720
09721
09722
09724
09726
09727
09728
09729
09730
09734
09736
09737
09738
09739
09742
09743
09744
09745
09746
09748
09749
09751
09752
09754
09755
09756
09757
09759
09760
09762
09763
09764
09765
09767
09768
09770
09771
09772
09773
09774
09777
09779
09781
09782
09783
09784
09785
09786
09787
09788
09789
09790
09791
09792
09800
09801
09803
09804
09805
09807
09808
09809
09811
09812
09815
09816
09817
09819
09822
09823
09827
09828
09829
09830
09832
09835
09836
09837
09838
09840
09841
09842
09843
09844
09846
09847
09848
09849
09850
09851
09852
09854
09855
09856
09857
09858
09859
09860
09862
09863
09864
09865
09866
09869
09872
09876
09877
09881
09883
09884
09886
09887
09888
09889
09890
09891
09892
09894
09895
09896
09897
09898
09900
09901
09902
09903
09905
09906
09908
09909
09911
09913
09914
09915
09916
09917
09919
09920
09922
09923
09926
09927
09928
09929
09930
09932
09933
09934
09935
09937
09938
09940
09942
09943
09944
09945
09946
09947
09949
09950
09952
09953
09954
09956
09957
09962
09964
09965
09966
09968
09969
09970
09972
09977
09978
09979
09980
09981
09982
09983
09985
09986
09987
09988
09989
09990
09991
09994
09995
09997
09998
09999
10000
10001
10003
10004
10006
10007
10008
10011
10013
10014
10017
10018
10019
10020
10021
10022
10025
10026
10027
10028
10029
10030
10032
10033
10037
10038
10039
10043
10044
10045
10046
10048
10050
10051
10052
10053
10054
10055
10056
10057
10058
10059
10060
10061
10062
10063
10065
10066
10068
10069
10070
10071
10072
10073
10075
10076
10078
10079
10080
10083
10084
10085
10086
10087
10089
10091
10093
10096
10097
10098
10100
10102
10104
10106
10107
10108
10110
10111
10113
10114
10115
10116
10117
10118
10119
10120
10121
10123
10124
10125
10126
10127
10128
10129
10130
10131
10132
10133
10134
10135
10136
10137
10141
10142
10145
10146
10147
10148
10150
10152
10153
10154
10155
10157
10158
10159
10160
10162
10163
10164
10165
10166
10167
10168
10170
10173
10178
10179
10180
10181
10182
10183
10186
10187
10191
10192
10193
10194
10195
10196
10198
10199
10200
10201
10202
10204
10206
10207
10208
10210
10211
10212
10213
10214
10217
10218
10220
10221
10222
10223
10224
10225
10226
10227
10236
10237
10238
10240
10242
10243
10244
10246
10247
10248
10249
10251
10252
10253
10255
10256
10257
10258
10259
10260
10261
10263
10264
10265
10266
10267
10268
10269
10271
10272
10273
10274
10276
10278
10279
10280
10281
10283
10284
10285
10286
10287
10290
10291
10292
10293
10294
10296
10297
10298
10299
10302
10303
10304
10305
10306
10307
10308
10311
10312
10314
10315
10317
10318
10319
10320
10321
10322
10323
10324
10325
10326
10327
10329
10330
10331
10332
10333
10334
10335
10338
10340
10341
10342
10343
10344
10346
10347
10349
10350
10351
10352
10353
10355
10356
10358
10359
10360
10362
10363
10364
10365
10368
10370
10372
10373
10377
10378
10379
10381
10383
10384
10385
10386
10387
10388
10389
10391
10393
10394
10395
10396
10397
10399
10402
10404
10405
10406
10407
10408
10410
10411
10418
10419
10420
10421
10424
10425
10426
10430
10431
10432
10433
10434
10435
10436
10437
10439
10440
10442
10443
10444
10445
10447
10448
10449
10452
10453
10454
10455
10456
10457
10459
10460
10462
10463
10464
10467
10468
10469
10470
10473
10475
10476
10477
10478
10479
10480
10481
10482
10483
10484
10485
10486
10487
10493
10494
10495
10496
10499
10501
10502
10507
10508
10509
10511
10512
10513
10514
10516
10517
10518
10519
10521
10524
10525
10528
10529
10530
10532
10533
10534
10535
10536
10537
10538
10539
10542
10543
10544
10545
10547
10550
10551
10552
10554
10555
10556
10557
10558
10559
10560
10561
10564
10565
10566
10568
10570
10572
10576
10577
10578
10582
10583
10584
10586
10587
10588
10589
10590
10591
10592
10593
10595
10596
10598
10599
10601
10602
10603
10604
10605
10608
10609
10610
10611
10612
10614
10615
10616
10617
10619
10621
10623
10624
10625
10627
10628
10629
10630
10631
10632
10633
10635
10636
10637
10638
10639
10640
10641
10642
10643
10644
10645
10646
10647
10648
10649
10651
10652
10655
10656
10657
10658
10660
10661
10663
10664
10665
10666
10667
10668
10670
10672
10673
10674
10677
10678
10679
10680
10683
10684
10685
10687
10688
10689
10690
10695
10696
10697
10699
10700
10701
10702
10704
10705
10708
10709
10710
10711
10712
10713
10714
10715
10716
10717
10718
10719
10720
10721
10722
10723
10724
10725
10726
10727
10729
10730
10731
10735
10736
10737
10738
10739
10742
10743
10744
10745
10746
10747
10748
10749
10751
10752
10753
10755
10756
10757
10758
10759
10764
10765
10766
10767
10768
10770
10773
10774
10775
10776
10777
10778
10779
10780
10782
10784
10786
10787
10788
10790
10791
10792
10794
10796
10797
10798
10799
10800
10802
10803
10804
10807
10808
10809
10810
10811
10812
10813
10816
10817
10820
10821
10822
10823
10824
10825
10828
10829
10830
10831
10833
10835
10836
10838
10839
10841
10842
10843
10845
10847
10850
10851
10852
10853
10855
10856
10857
10858
10859
10860
10861
10862
10863
10864
10865
10866
10867
10869
10870
10871
10872
10873
10875
10876
10878
10879
10880
10881
10883
10884
10886
10888
10890
10892
10894
10895
10896
10897
10901
10903
10904
10905
10906
10907
10910
10911
10912
10913
10917
10918
10919
10920
10921
10924
10925
10926
10927
10928
10929
10930
10931
10932
10933
10934
10935
10936
10937
10938
10939
10944
10945
10946
10948
10949
10950
10951
10952
10955
10956
10958
10959
10960
10962
10963
10964
10966
10967
10968
10969
10970
10972
10973
10974
10975
10976
10977
10978
10980
10981
10982
10984
10985
10986
10988
10990
10993
10996
10997
10999
11000
11002
11003
11005
11006
11008
11009
11010
11013
11014
11015
11016
11018
11019
11021
11022
11024
11025
11026
11028
11029
11030
11032
11033
11034
11035
11036
11037
11038
11039
11040
11042
11044
11045
11046
11047
11048
11050
11051
11053
11055
11056
11057
11058
11060
11061
11063
11064
11066
11067
11068
11069
11071
11072
11073
11074
11075
11076
11077
11078
11079
11080
11081
11082
11083
11084
11085
11091
11092
11093
11094
11095
11096
11097
11098
11099
11100
11101
11102
11103
11104
11105
11106
11108
11109
11110
11111
11112
11113
11116
11117
11118
11120
11121
11123
11124
11125
11126
11127
11128
11129
11130
11131
11132
11133
11134
11135
11136
11137
11138
11139
11140
11141
11142
11145
11146
11147
11148
11149
11151
11154
11155
11157
11158
11160
11161
11162
11165
11166
11167
11168
11169
11173
11174
11175
11177
11178
11179
11180
11181
11182
11183
11184
11185
11187
11188
11189
11191
11193
11194
11195
11196
11200
11202
11203
11204
11205
11206
11207
11209
11211
11212
11213
11214
11216
11217
11218
11219
11220
11221
11222
11224
11226
11227
11229
11230
11231
11232
11233
11235
11236
11237
11239
11240
11241
11243
11246
11247
11248
11249
11250
11252
11253
11256
11257
11258
11259
11260
11264
11265
11266
11267
11268
11269
11271
11272
11273
11274
11275
11276
11277
11278
11279
11280
11281
11282
11283
11284
11285
11286
11287
11288
11290
11291
11294
11295
11296
11297
11298
11299
11301
11303
11304
11305
11306
11308
11309
11310
11311
11312
11313
11315
11316
11317
11318
11320
11321
11322
11323
11324
11325
11326
11327
11328
11329
11330
11331
11332
11333
11334
11335
11336
11338
11339
11341
11342
11343
11344
11345
11346
11347
11348
11349
11350
11351
11353
11354
11355
11357
11358
11359
11360
11361
11362
11363
11364
11367
11369
11370
11371
11373
11374
11375
11377
11378
11379
11382
11383
11384
11387
11389
11392
11393
11394
11395
11396
11397
11398
11399
11402
11403
11404
11405
11406
11409
11411
11412
11413
11415
11416
11418
11419
11420
11423
11424
11425
11426
11427
11428
11429
11430
11433
11435
11436
11437
11438
11441
11443
11446
11447
11448
11450
11451
11452
11454
11455
11456
11457
11458
11459
11461
11462
11463
11466
11467
11469
11470
11471
11472
11473
11474
11475
11477
11478
11480
11482
11484
11485
11486
11487
11489
11492
11493
11496
11497
11498
11500
11501
11502
11505
11508
11509
11510
11511
11512
11514
11515
11516
11517
11519
11521
11522
11524
11525
11526
11527
11528
11529
11530
11531
11532
11533
11534
11535
11536
11537
11538
11539
11540
11541
11542
11543
11544
11545
11546
11548
11549
11550
11552
11553
11555
11556
11557
11558
11559
11560
11561
11563
11564
11565
11566
11568
11570
11571
11572
11573
11574
11575
11576
11577
11578
11579
11580
11581
11582
11583
11584
11585
11586
11587
11588
11589
11590
11591
11592
11593
11594
11595
11596
11597
11598
11599
11601
11603
11604
11605
11606
11607
11608
11609
11611
11612
11614
11617
11618
11619
11624
11625
11626
11628
11629
11630
11631
11632
11633
11634
11635
11636
11638
11639
11640
11642
11643
11645
11646
11648
11649
11651
11652
11653
11654
11660
11661
11664
11665
11666
11667
11670
11671
11672
11673
11674
11675
11676
11678
11679
11682
11683
11684
11685
11686
11688
11689
11690
11691
11692
11693
11695
11696
11698
11699
11700
11701
11703
11704
11706
11708
11709
11712
11714
11719
11720
11721
11722
11724
